faimsAttributeID,faimsEntityAttributeName,attributeLocation,faimsVocab,mungoVocab,VocabCountOrder,pictureFilename,infoFilenames,VocabDescription,parentVocabularyName,notesToFAIMSTeam,notesToMungoTeam
169153947844,OldBone_-_Grid_Square,Bone,,,,,,,,,
169153947862,OldBone_-_ID_Number,Bone,,,,,,,,,
169153947880,OldBone_-_Cluster_Type,Bone,{boneOnly},Bone Only,1,,,,,,
169153947880,OldBone_-_Cluster_Type,Bone,{boneAndOtherMaterial},Bone and other material,2,,,,,,
169153947880,OldBone_-_Cluster_Type,Bone,{insitBO},insitBO,1,,,"2 or more in situ elements, a set of in situ articulated elements, or an in situ skeleton, not associated with any other in situ or surface material",{boneOnly},,
169153947880,OldBone_-_Cluster_Type,Bone,{surfBO},surfBO,2,,,"Discrete cluster of bones of a similar type (part of same element or same skeleton, or in a similar state of preservation) on the surface, but in a topographic and sedimentary context indicating that they have not been transported",{boneOnly},,
169153947880,OldBone_-_Cluster_Type,Bone,{insitAndSurf},insit&surf,3,,,"2 or more in situ elements, a set of in situ articulated elements, or an in situ skeleton, plus a discrete surface cluster of bones of a similar type",{boneOnly},,
169153947880,OldBone_-_Cluster_Type,Bone,{inistAndOth},insit&oth,1,missing.jpg,missing.jpg; missing.jpg,"In situ bone cluster as defined above, associated with other material, either in situ or on the surface",{boneAndOtherMaterial},,
169153947880,OldBone_-_Cluster_Type,Bone,{surfAndOth},surf&oth,2,missing.jpg,missing.jpg; missing.jpg,"Surface bone cluster as defined above, associated with other material, either in situ or on the surface",{boneAndOtherMaterial},,
169153947880,OldBone_-_Cluster_Type,Bone,{bothAndOth},both&oth,3,missing.jpg,missing.jpg; missing.jpg,"In situ and surface bone cluster as defined above, associated with other material, either in situ or on the surface",{boneAndOtherMaterial},,
169153947958,OldBone_-_Proportion_of_material_that_remains_in_situ,Bone,{most},most,1,missing.jpg,missing.jpg; missing.jpg,The majority of the visible bone is in situ,,,
169153947958,OldBone_-_Proportion_of_material_that_remains_in_situ,Bone,{some},some,2,missing.jpg,missing.jpg; missing.jpg,At least some of the bone is in situ,,,
169153947958,OldBone_-_Proportion_of_material_that_remains_in_situ,Bone,{surface},surface,3,missing.jpg,missing.jpg; missing.jpg,No bone is embedded in sediment,,,
169153947958,OldBone_-_Proportion_of_material_that_remains_in_situ,Bone,{recement},recement,4,missing.jpg,missing.jpg; missing.jpg,"The bone appears to be in situ, but there is a high likelihood that it is actually cemented in redeposited sediment",,,
169153947958,OldBone_-_Proportion_of_material_that_remains_in_situ,Bone,{ambiguous},ambiguous,5,missing.jpg,missing.jpg; missing.jpg,"The bone appears to be in situ, but it is impossible to say whether it is actually recemented",,,
169153947958,OldBone_-_Proportion_of_material_that_remains_in_situ,Bone,{other},other,6,missing.jpg,missing.jpg; missing.jpg,,,,
169153948030,OldBone_-_Body_Parts_Identifed,Bone,{cranAndTooth},cran+Teeth,1,,,"Cranial elements, including maxilla with teeth",,,
169153948030,OldBone_-_Body_Parts_Identifed,Bone,{cranNoTooth},cran-Teeth,2,,,Cranial elements (with or without maxilla) but no teeth,,,
169153948030,OldBone_-_Body_Parts_Identifed,Bone,{mandAndteeth},mand+teeth,3,,,"Lower jaw, with teeth",,,
169153948030,OldBone_-_Body_Parts_Identifed,Bone,{mandNoteeth},mand-teeth,4,,,Lower jaw without teeth,,,
169153948030,OldBone_-_Body_Parts_Identifed,Bone,{limb},limb,5,,,Limb bones,,,
169153948030,OldBone_-_Body_Parts_Identifed,Bone,{axial},axial,6,,,Axial elements,,,
169153948030,OldBone_-_Body_Parts_Identifed,Bone,{allparts},allparts,7,,,"Some elements of each of cranial, limb and axial bones",,,
169153948030,OldBone_-_Body_Parts_Identifed,Bone,{otoliths},otoliths,8,,,Fish otoliths,,,
169153948030,OldBone_-_Body_Parts_Identifed,Bone,{glith},glith,9,,,Gastroliths,,,
169153948030,OldBone_-_Body_Parts_Identifed,Bone,{exoskel},exoskel,10,,,Exoskeleton,,,
169153948030,OldBone_-_Body_Parts_Identifed,Bone,{scute},scute,11,,,Bony plate (overlain with horn) from the shell of a turtle,,,
169153948030,OldBone_-_Body_Parts_Identifed,Bone,{other},other,12,,,,,,
169153948030,OldBone_-_Body_Parts_Identifed,Bone,{undiag},undiag,13,,,Fragments are too small to preserve diagnostic features,,,
169153948030,OldBone_-_Body_Parts_Identifed,Bone,{unident},unident,14,,,"Potentially diagnostic features (size/shape, articular ends, muscle markings, teeth) could not be identified",,,
169153948144,OldBone_-_Taxon_Identified,Bone,{wombat},wombat,1,,,,,,
169153948144,OldBone_-_Taxon_Identified,Bone,{bettong},bettong,2,,,,,,
169153948144,OldBone_-_Taxon_Identified,Bone,{macropod},macropod,3,,,"e.g. Western Grey, Eastern Grey, Red Kangaroo",,,
169153948144,OldBone_-_Taxon_Identified,Bone,{smallmars},smallmars,4,,,Small marsupial,,,
169153948144,OldBone_-_Taxon_Identified,Bone,{emu},emu,5,,,,,,
169153948144,OldBone_-_Taxon_Identified,Bone,{birdother},birdother,6,,,"Bird other than emu (swan, duck, etc)",,,
169153948144,OldBone_-_Taxon_Identified,Bone,{carnivore},carnivore,7,,,"e.g. Thylacine, Tasmanian Devil",,,
169153948144,OldBone_-_Taxon_Identified,Bone,{rodent},rodent,8,,,,,,
169153948144,OldBone_-_Taxon_Identified,Bone,{reptile},reptile,9,,,,,,
169153948144,OldBone_-_Taxon_Identified,Bone,{fish},fish,10,,,"e.g. Murray Cod, Golden Perch",,,
169153948144,OldBone_-_Taxon_Identified,Bone,{crustac},crustac,11,,,Crustacean,,,
169153948144,OldBone_-_Taxon_Identified,Bone,{mega},mega,12,,,Megafauna,,,
169153948144,OldBone_-_Taxon_Identified,Bone,{undiag},undiag,13,,,"Shape and size are not diagnostic of taxon and no other diagnostic features are preserved (teeth, muscle markings, articular ends)",,,
169153948144,OldBone_-_Taxon_Identified,Bone,{unident},unident,14,,,"Potentially diagnostic features (size/shape, articular ends, muscle markings, teeth) could not be identified",,,
169153948144,OldBone_-_Taxon_Identified,Bone,{other},other,15,,,,,,
169153948257,OldBone_-_Bone_Preservation,Bone,{good},good,1,,,Select those types of modification that are common on the visible bone,,,
169153948257,OldBone_-_Bone_Preservation,Bone,{weathpost},weathpost,2,,,Signs of post-exposure weathering and/or breakage,,,
169153948257,OldBone_-_Bone_Preservation,Bone,{weathpre},weathpre,3,,,Clear signs of weathering prior to burial,,,
169153948257,OldBone_-_Bone_Preservation,Bone,{fragpost},fragpost,4,,,post exposure fragmentation and splintering of bone,,,
169153948257,OldBone_-_Bone_Preservation,Bone,{fragpre},fragpre,5,,,evidence of breakage prior to fossilisation,,,
169153948257,OldBone_-_Bone_Preservation,Bone,{orgstain},orgstain,6,,,brown organic staining,,,
169153948257,OldBone_-_Bone_Preservation,Bone,{minstain},minstain,7,,,flecks of manganese or other dark minerals,,,
169153948257,OldBone_-_Bone_Preservation,Bone,{soft},soft,8,,,bone is soft and friable,,,
169153948257,OldBone_-_Bone_Preservation,Bone,{carb},carb,9,,,carbonate encrustation on surface of bone,,,
169153948257,OldBone_-_Bone_Preservation,Bone,{polish},polish,10,,,Smoothed surface with glossy appearance,,,
169153948257,OldBone_-_Bone_Preservation,Bone,{abraded},abraded,11,,,"Scored or scratched surface, muted, rounded edges and/or muscle markings",,,
169153948257,OldBone_-_Bone_Preservation,Bone,{indet},indet,12,,,Modification not described by any of the above,,,
169153948257,OldBone_-_Bone_Preservation,Bone,{other},other,13,,,,,,
169153948364,OldBone_-_Deliberate_Surface_Modification,Bone,{none},none,1,,,No surface modification,,,
169153948364,OldBone_-_Deliberate_Surface_Modification,Bone,{burned},burned,2,,,Charred or calcined,,,
169153948364,OldBone_-_Deliberate_Surface_Modification,Bone,{toothmarks},toothmarks,3,,,Toothmarks or gnaw marks,,,
169153948364,OldBone_-_Deliberate_Surface_Modification,Bone,{cutmarks},cutmarks,4,,,Stone tool-inflicted cut marks,,,
169153948364,OldBone_-_Deliberate_Surface_Modification,Bone,{impact},impact,5,,,"Impact feature, flake scar or flake (on bone) resulting from hammerstone impact",,,
169153948364,OldBone_-_Deliberate_Surface_Modification,Bone,{indet},indet,6,,,Object is too deeply buried or encrusted to determine modification,,,
169153948364,OldBone_-_Deliberate_Surface_Modification,Bone,{other},other,7,,,,,,
169153948428,OldBone_-_Topographic_Setting,Bone,{platform},platform,1,missing.jpg,missing.jpg; missing.jpg,"Broad, flat platform exposure",,,
169153948428,OldBone_-_Topographic_Setting,Bone,{less6Degree},<6degree,2,missing.jpg,missing.jpg; missing.jpg,Slightly sloping surface,,,
169153948428,OldBone_-_Topographic_Setting,Bone,{6To12Degree},6-12degree,3,missing.jpg,missing.jpg; missing.jpg,Moderately sloping surface,,,
169153948428,OldBone_-_Topographic_Setting,Bone,{greater12Degree},>12degree,4,missing.jpg,missing.jpg; missing.jpg,More steeply sloping surface,,,
169153948428,OldBone_-_Topographic_Setting,Bone,{shallrill},shallrill,5,missing.jpg,missing.jpg; missing.jpg,Within a shallow rill,,,
169153948428,OldBone_-_Topographic_Setting,Bone,{rillfloor},rillfloor,6,missing.jpg,missing.jpg; missing.jpg,"In the floor of a deep rill (strong, vertical rilling in clay-rich sediments)",,,
169153948428,OldBone_-_Topographic_Setting,Bone,{rillwall},rillwall,7,missing.jpg,missing.jpg; missing.jpg,"In the wall of a deep rill (strong, vertical rilling in clay-rich sediments)",,,
169153948428,OldBone_-_Topographic_Setting,Bone,{ridge},ridge,8,missing.jpg,missing.jpg; missing.jpg,On a narrow ridge in heavily eroded area,,,
169153948428,OldBone_-_Topographic_Setting,Bone,{ridgerill},ridgerill,9,missing.jpg,missing.jpg; missing.jpg,Feature in a heavily eroded area is cut by deep rills and straddles rill wall and rill flow,,,
169153948428,OldBone_-_Topographic_Setting,Bone,{shalgulfl},shalgulfl,10,missing.jpg,missing.jpg; missing.jpg,In the floor of a gully less than 1.5m wide or deep,,,
169153948428,OldBone_-_Topographic_Setting,Bone,{shalgulwal},shalgulwal,11,missing.jpg,missing.jpg; missing.jpg,In the wall of a gully less than 1.5m wide or deep,,,
169153948428,OldBone_-_Topographic_Setting,Bone,{deepgulfl},deepgulfl,12,missing.jpg,missing.jpg; missing.jpg,In the floor of a gully greater than 1.5m wide and deep,,,
169153948428,OldBone_-_Topographic_Setting,Bone,{deepgulwal},deepgulwal,13,missing.jpg,missing.jpg; missing.jpg,In the wall of a gully greater than 1.5m wide and deep,,,
169153948428,OldBone_-_Topographic_Setting,Bone,{residtop},residtop,14,missing.jpg,missing.jpg; missing.jpg,Flat surface on top of a residual,,,
169153948428,OldBone_-_Topographic_Setting,Bone,{residside},residside,15,missing.jpg,missing.jpg; missing.jpg,In the side of a residual,,,
169153948428,OldBone_-_Topographic_Setting,Bone,{chanfloor},chanfloor,16,missing.jpg,missing.jpg; missing.jpg,In the floor of a modern outwash channel,,,
169153948428,OldBone_-_Topographic_Setting,Bone,{chanwall},chanwall,17,missing.jpg,missing.jpg; missing.jpg,In the wall of a modern outwash channel,,,
169153948428,OldBone_-_Topographic_Setting,Bone,{allfan},allfan,18,missing.jpg,missing.jpg; missing.jpg,modern alluvial fan,,,
169153948428,OldBone_-_Topographic_Setting,Bone,{other},other,19,missing.jpg,missing.jpg; missing.jpg,,,,
169153948623,OldBone_-_Sediment_Type,Bone,{redsand},redsand,1,missing.jpg,missing.jpg; missing.jpg,quartz sand of a reddish colour,,,
169153948623,OldBone_-_Sediment_Type,Bone,{brownsand},brownsand,2,missing.jpg,missing.jpg; missing.jpg,quartz sands of a brownish colour,,,
169153948623,OldBone_-_Sediment_Type,Bone,{whitesand},whitesand,3,missing.jpg,missing.jpg; missing.jpg,sand that is clean (no clay) and white,,,
169153948623,OldBone_-_Sediment_Type,Bone,{othersand},othersand,4,missing.jpg,missing.jpg; missing.jpg,quartz sands of a different colour (eg pink),,,
169153948623,OldBone_-_Sediment_Type,Bone,{clayeysand},clayeysand,5,missing.jpg,missing.jpg; missing.jpg,quartz sands that contain some clay,,,
169153948623,OldBone_-_Sediment_Type,Bone,{laminarsand},laminarsand,6,missing.jpg,missing.jpg; missing.jpg,"fine laminae of quartz sands, clayey sands and clays; brown colour, sands predominate",,,
169153948623,OldBone_-_Sediment_Type,Bone,{redlamsand},redlamsand,7,missing.jpg,missing.jpg; missing.jpg,red sands preserving fine bedding,,,
169153948623,OldBone_-_Sediment_Type,Bone,{unconsolsand},unconsolsand,8,missing.jpg,missing.jpg; missing.jpg,"unconsolidated sands, sometimes with thin horizons of carbonate (archaeology bearing)",,,
169153948623,OldBone_-_Sediment_Type,Bone,{modernaeolian},modernaeolian,9,missing.jpg,missing.jpg; missing.jpg,"shifting veneer of unconsolidated sands, coppice sands",,,
169153948623,OldBone_-_Sediment_Type,Bone,{pelletalclay},pelletalclay,10,missing.jpg,missing.jpg; missing.jpg,grey clays made up of clay pellets,,,
169153948623,OldBone_-_Sediment_Type,Bone,{alternat},alternat,11,missing.jpg,missing.jpg; missing.jpg,alternating beds of pelletal clay and quartz sand,,,
169153948623,OldBone_-_Sediment_Type,Bone,{clay-alt},clay-alt,12,missing.jpg,missing.jpg; missing.jpg,distinct bed of pelletal clay within a sequence of alternating sands and clays,,,
169153948623,OldBone_-_Sediment_Type,Bone,{sand-alt},sand-alt,13,missing.jpg,missing.jpg; missing.jpg,distinct bed of quartz sand within a sequence of alternating sands and clays,,,
169153948623,OldBone_-_Sediment_Type,Bone,{bluelam-alt},bluelam-alt,14,missing.jpg,missing.jpg; missing.jpg,"mm-thick, but laterally traceable lens of clay with distinct 'blue' colour",,,
169153948623,OldBone_-_Sediment_Type,Bone,{greenclay},greenclay,15,missing.jpg,missing.jpg; missing.jpg,clay of a green colour,,,
169153948623,OldBone_-_Sediment_Type,Bone,{redsoil},redsoil,16,missing.jpg,missing.jpg; missing.jpg,soil of a reddish colour,,,
169153948623,OldBone_-_Sediment_Type,Bone,{brownsoil},brownsoil,17,missing.jpg,missing.jpg; missing.jpg,soil of a brownish colour,,,
169153948623,OldBone_-_Sediment_Type,Bone,{darksoil},darksoil,18,missing.jpg,missing.jpg; missing.jpg,"soil with greyish to dark greyish colour, carbonate rich",,,
169153948623,OldBone_-_Sediment_Type,Bone,{carbsoft},carbsoft,19,missing.jpg,missing.jpg; missing.jpg,sediment containing diffuse soil carbonate (C horizon),,,
169153948623,OldBone_-_Sediment_Type,Bone,{carbnodule},carbnodule,20,missing.jpg,missing.jpg; missing.jpg,sediment containing hard carbonate nodules (C horizon),,,
169153948623,OldBone_-_Sediment_Type,Bone,{carbpavemt},carbpavemt,21,missing.jpg,missing.jpg; missing.jpg,well developed in situ soil carbonates forming a solid pavement,,,
169153948623,OldBone_-_Sediment_Type,Bone,{carblag},carblag,22,missing.jpg,missing.jpg; missing.jpg,"broken up, angular pieces of carbonate nodules, root traces, burrows, rhizomorphs representing a reworked lag",,,
169153948623,OldBone_-_Sediment_Type,Bone,{finesilt},finesilt,23,missing.jpg,missing.jpg; missing.jpg,"fine, well-sorted silt with no clay component",,,
169153948623,OldBone_-_Sediment_Type,Bone,{cobblebeach},cobblebeach,24,missing.jpg,missing.jpg; missing.jpg,"continuous bed of rounded carbonate nodules, rhizomorphs etc together with rounded pebbles/cobbles of qtz or rock fragments",,,
169153948623,OldBone_-_Sediment_Type,Bone,{gravelbeach},gravelbeach,25,missing.jpg,missing.jpg; missing.jpg,relatively continuous bed of rounded gravels and coarse sand,,,
169153948623,OldBone_-_Sediment_Type,Bone,{other},other,26,missing.jpg,missing.jpg; missing.jpg,,,,
169153963204,OldBone_-_Stratigraphic_Unit,Bone,{Golgol},Golgol,1,missing.jpg,missing.jpg; missing.jpg,deeply weathered sands and clays with strong red colour,,,
169153963204,OldBone_-_Stratigraphic_Unit,Bone,{ggC},ggC,2,missing.jpg,missing.jpg; missing.jpg,Golgol C horizon: in situ carbonate nodules and sediments cemented together to form distinct pavement (pinkish colour),,,
169153963204,OldBone_-_Stratigraphic_Unit,Bone,{gglag},gglag,3,missing.jpg,missing.jpg; missing.jpg,"surface lag made up of broken up, angular pieces of pinkish carbonate nodules, root traces etc derived from the Golgol C",,,
169153963204,OldBone_-_Stratigraphic_Unit,Bone,{B},B,4,missing.jpg,missing.jpg; missing.jpg,Lower Mungo,,,
169153963204,OldBone_-_Stratigraphic_Unit,Bone,{C},C,5,missing.jpg,missing.jpg; missing.jpg,Upper Mungo,,,
169153963204,OldBone_-_Stratigraphic_Unit,Bone,{D},D,6,missing.jpg,missing.jpg; missing.jpg,mega-lake sediments,,,
169153963204,OldBone_-_Stratigraphic_Unit,Bone,{E},E,7,missing.jpg,missing.jpg; missing.jpg,Arumpo/Zanci,,,
169153963204,OldBone_-_Stratigraphic_Unit,Bone,{F},F,8,missing.jpg,missing.jpg; missing.jpg,unconsolidated sands reworked lunette sediments,,,
169153963204,OldBone_-_Stratigraphic_Unit,Bone,{G},G,9,missing.jpg,missing.jpg; missing.jpg,Holocene alluvial fans,,,
169153963204,OldBone_-_Stratigraphic_Unit,Bone,{H},H,10,missing.jpg,missing.jpg; missing.jpg,modern aeolian,,,
169153963204,OldBone_-_Stratigraphic_Unit,Bone,{I},I,11,missing.jpg,missing.jpg; missing.jpg,modern alluvium,,,
169153963204,OldBone_-_Stratigraphic_Unit,Bone,{indet},indet,12,missing.jpg,missing.jpg; missing.jpg,stratgraphic unit not yet identified,,,
169153963204,OldBone_-_Stratigraphic_Unit,Bone,{other},other,13,missing.jpg,missing.jpg; missing.jpg,,,,
169153963340,OldBone_-_Vulnerability_To_Erosion,Bone,{low},low,1,missing.jpg,missing.jpg; missing.jpg,"On a relatively stable, flat surface or gentle slope that is not being eroded by rills, in well cemented (firm) sediment",,,
169153963340,OldBone_-_Vulnerability_To_Erosion,Bone,{moderate},moderate,2,missing.jpg,missing.jpg; missing.jpg,"Wider area is being eaten away by ongoing erosion, e.g. near edge of platform exposure, gully head, expanding rill system",,,
169153963340,OldBone_-_Vulnerability_To_Erosion,Bone,{high},high,3,missing.jpg,missing.jpg; missing.jpg,"High probability of material being removed by erosion, or of the hearth losing its integrity, e.g. relatively steep slope with incipient rills and/or in loose sandy sediment",,,
169153963340,OldBone_-_Vulnerability_To_Erosion,Bone,{extreme},extreme,4,missing.jpg,missing.jpg; missing.jpg,"Hearth material is in imminent danger of rapid removal and loss, e.g. edge of eroding residual or deep rill, in gully wall, on a steep slope- washed surface, or in loose sandy sediment",,,
169153963340,OldBone_-_Vulnerability_To_Erosion,Bone,{other},other,5,missing.jpg,missing.jpg; missing.jpg,,,,
169153963405,OldBone_-_Palaeotopographic_Setting,Bone,{foredune},foredune,1,missing.jpg,missing.jpg; missing.jpg,Stratigraphic layers are sloping towards the lakebed,,,
169153963405,OldBone_-_Palaeotopographic_Setting,Bone,{backdune},backdune,2,missing.jpg,missing.jpg; missing.jpg,Stratigraphic layers are sloping towards the hinterland,,,
169153963405,OldBone_-_Palaeotopographic_Setting,Bone,{crest},crest,3,missing.jpg,missing.jpg; missing.jpg,"Crest of dune, stratigraphic layers slope away, towards both lakebed and hinterland",,,
169153963405,OldBone_-_Palaeotopographic_Setting,Bone,{beach},beach,4,missing.jpg,missing.jpg; missing.jpg,An area of rounded cobbles or gravels in distinct horizon,,,
169153963405,OldBone_-_Palaeotopographic_Setting,Bone,{spit},spit,5,missing.jpg,missing.jpg; missing.jpg,Projection from dune into lakebed,,,
169153963405,OldBone_-_Palaeotopographic_Setting,Bone,{lakebed},lakebed,6,missing.jpg,missing.jpg; missing.jpg,Lakebed sediments,,,
169153963405,OldBone_-_Palaeotopographic_Setting,Bone,{indet},indet,7,missing.jpg,missing.jpg; missing.jpg,Indeterminate,,,
169153963405,OldBone_-_Palaeotopographic_Setting,Bone,{other},other,8,missing.jpg,missing.jpg; missing.jpg,,,,
169153963495,OldBone_-_Photos,Bone,,,,,,,,,
169153963515,OldBone_-_Notes,Bone,,,,,,,,,
169153937497,OldBone_-_Associated_in_situ_material,Bone Associated Insitu Materials,{hearthmaterial},hearth material,1,,,"Hearthstones, baked sediment or charcoal",,,
169153937497,OldBone_-_Associated_in_situ_material,Bone Associated Insitu Materials,{mussel},mussel,2,,,Mussel shell or shell fragment,,,
169153937497,OldBone_-_Associated_in_situ_material,Bone Associated Insitu Materials,{eggshell},eggshell,3,,,"Emu, Genyornis or other eggshell",,,
169153937497,OldBone_-_Associated_in_situ_material,Bone Associated Insitu Materials,{stoneart},stoneart,4,,,"Chipped, unmodified or ground stone",,,
169153937497,OldBone_-_Associated_in_situ_material,Bone Associated Insitu Materials,{otherwork},otherwork,5,,,Other worked or transported material,,,
169153937497,OldBone_-_Associated_in_situ_material,Bone Associated Insitu Materials,{all},all,6,,,,,,
169153902332,OldBone_-_Associated_surface_material,Bone Associated Surface Materials,{hearthmaterial},hearth material,1,,,"Hearthstones, baked sediment or charcoal",,,
169153902332,OldBone_-_Associated_surface_material,Bone Associated Surface Materials,{mussel},mussel,2,,,Mussel shell or shell fragment,,,
169153902332,OldBone_-_Associated_surface_material,Bone Associated Surface Materials,{eggshell},eggshell,3,,,"Emu, Genyornis or other eggshell",,,
169153902332,OldBone_-_Associated_surface_material,Bone Associated Surface Materials,{stoneart},stoneart,4,,,"Chipped, unmodified or ground stone",,,
169153902332,OldBone_-_Associated_surface_material,Bone Associated Surface Materials,{otherwork},otherwork,5,,,Other worked or transported material,,,
169153902332,OldBone_-_Associated_surface_material,Bone Associated Surface Materials,{all},all,6,,,,,,
169153927022,OldBone_-_Bivalve_preservation,Bone Associated Insitu Materials; Bone Associated Surface Materials,{good},good,1,,,Majority of shell is highly fragmented,,,
169153927022,OldBone_-_Bivalve_preservation,Bone Associated Insitu Materials; Bone Associated Surface Materials,{moderate},moderate,2,,,Mixture of fragmented and near whole shell,,,
169153927022,OldBone_-_Bivalve_preservation,Bone Associated Insitu Materials; Bone Associated Surface Materials,{poor},poor,3,,,Majority of shell is whole or near whole,,,
169153927022,OldBone_-_Bivalve_preservation,Bone Associated Insitu Materials; Bone Associated Surface Materials,{other},other,4,,,,,,
169153871990,OldBone_-_Burned_Mussel,Bone Associated Insitu Materials; Bone Associated Surface Materials,{yes},yes,1,,,,,,
169153871990,OldBone_-_Burned_Mussel,Bone Associated Insitu Materials; Bone Associated Surface Materials,{no},no,2,,,,,,
169153871990,OldBone_-_Burned_Mussel,Bone Associated Insitu Materials; Bone Associated Surface Materials,{indet},indet,3,,,,,,
169153942561,OldBone_-_Associated_Hearth_Material,Bone Associated Insitu Materials; Bone Associated Surface Materials,{hsclay},hsclay,1,,,,,,
169153942561,OldBone_-_Associated_Hearth_Material,Bone Associated Insitu Materials; Bone Associated Surface Materials,{hscarb},hscarb,2,,,,,,
169153942561,OldBone_-_Associated_Hearth_Material,Bone Associated Insitu Materials; Bone Associated Surface Materials,{hsterm},hsterm,3,,,,,,
169153942561,OldBone_-_Associated_Hearth_Material,Bone Associated Insitu Materials; Bone Associated Surface Materials,{hsother},hsother,4,,,,,,
169153942561,OldBone_-_Associated_Hearth_Material,Bone Associated Insitu Materials; Bone Associated Surface Materials,{hsindet},hsindet,5,,,,,,
169153942561,OldBone_-_Associated_Hearth_Material,Bone Associated Insitu Materials; Bone Associated Surface Materials,{bakedclay},bakedclay,6,,,"Thin layer or small lumps of burnt clay, orange in colour when freshly exposed, broken surfaces may be smooth",,,
169153942561,OldBone_-_Associated_Hearth_Material,Bone Associated Insitu Materials; Bone Associated Surface Materials,{bakedsed},bakedsed,7,,,"Ashy sediment, baked hard",,,
169153942561,OldBone_-_Associated_Hearth_Material,Bone Associated Insitu Materials; Bone Associated Surface Materials,{indet},indet,8,,,"Baked, ashy or charcoal or organic rich sediment not described above",,,
169153902988,OldBone_-_Associated_Eggshell,Bone Associated Insitu Materials; Bone Associated Surface Materials,{emu},emu,1,,,shell with3-layered structure & orange peel texture; texture only removed if weathering reduces shell thickness to < 0.8mm,,,
169153902988,OldBone_-_Associated_Eggshell,Bone Associated Insitu Materials; Bone Associated Surface Materials,{genyo},genyo,2,,,"Shell with single layer, pores appear as short, parallel grooves like pin-pricks",,,
169153902988,OldBone_-_Associated_Eggshell,Bone Associated Insitu Materials; Bone Associated Surface Materials,{other},other,3,,,"Other eggshell, clearly not emu or Genyornis",,,
169153902988,OldBone_-_Associated_Eggshell,Bone Associated Insitu Materials; Bone Associated Surface Materials,{indet},indet,4,,,Features unclear due to surface modification or shell & 0.8mm thick and smooth in texture,,,
169153944338,OldBone_-_Burned_Eggshel,Bone Associated Insitu Materials; Bone Associated Surface Materials,{yes},yes,1,,,,,,
169153944338,OldBone_-_Burned_Eggshel,Bone Associated Insitu Materials; Bone Associated Surface Materials,{no},no,2,,,,,,
169153944338,OldBone_-_Burned_Eggshel,Bone Associated Insitu Materials; Bone Associated Surface Materials,{indet},indet,3,,,,,,
169153901454,OldBone_-_Associated_Stone_Artefacts,Bone Associated Insitu Materials; Bone Associated Surface Materials,{cs},cs,1,,,Chipped stone,,,
169153901454,OldBone_-_Associated_Stone_Artefacts,Bone Associated Insitu Materials; Bone Associated Surface Materials,{um},um,2,,,Unmodified stone,,,
169153901454,OldBone_-_Associated_Stone_Artefacts,Bone Associated Insitu Materials; Bone Associated Surface Materials,{ground},ground,3,,,Ground stone,,,
169153901454,OldBone_-_Associated_Stone_Artefacts,Bone Associated Insitu Materials; Bone Associated Surface Materials,{csgs},csgs,4,,,Chipped and ground stone,,,
169153901454,OldBone_-_Associated_Stone_Artefacts,Bone Associated Insitu Materials; Bone Associated Surface Materials,{csumgs},csumgs,5,,,"Chipped stone, unmodified rock and groundstone",,,
169153901454,OldBone_-_Associated_Stone_Artefacts,Bone Associated Insitu Materials; Bone Associated Surface Materials,{umgs},umgs,6,,,Umodified rock and ground stone,,,
169153901454,OldBone_-_Associated_Stone_Artefacts,Bone Associated Insitu Materials; Bone Associated Surface Materials,{other},other,7,,,,,,
169153916961,OldBone_-_Associated_Chipped_Stone_Artefacts,Bone Associated Insitu Materials; Bone Associated Surface Materials,{ru},ru,1,,,Retouched/utilised artefact,,,
169153916961,OldBone_-_Associated_Chipped_Stone_Artefacts,Bone Associated Insitu Materials; Bone Associated Surface Materials,{co},co,2,,,Core,,,
169153916961,OldBone_-_Associated_Chipped_Stone_Artefacts,Bone Associated Insitu Materials; Bone Associated Surface Materials,{deb},deb,3,,,"Flaking debris, including whole flakes, broken flakes and angular fragments",,,
169153916961,OldBone_-_Associated_Chipped_Stone_Artefacts,Bone Associated Insitu Materials; Bone Associated Surface Materials,{hammer},hammer,4,,,Hammerstone,,,
169153916961,OldBone_-_Associated_Chipped_Stone_Artefacts,Bone Associated Insitu Materials; Bone Associated Surface Materials,{indet},indet,5,,,"Artefact too deeply buried, encursted or covered with sand veneer to determine type",,,
169153916961,OldBone_-_Associated_Chipped_Stone_Artefacts,Bone Associated Insitu Materials; Bone Associated Surface Materials,{ruco},ruco,6,,,Retouched artfact(s) and core(s),,,
169153916961,OldBone_-_Associated_Chipped_Stone_Artefacts,Bone Associated Insitu Materials; Bone Associated Surface Materials,{rudeb},rudeb,7,,,Retouched artefact(s) and debitage,,,
169153916961,OldBone_-_Associated_Chipped_Stone_Artefacts,Bone Associated Insitu Materials; Bone Associated Surface Materials,{codeb},codeb,8,,,Core(s) and debitate,,,
169153916961,OldBone_-_Associated_Chipped_Stone_Artefacts,Bone Associated Insitu Materials; Bone Associated Surface Materials,{rucodeb},rucodeb,9,,,"Retouched artefact(s), core(s) and debitage",,,
169153916961,OldBone_-_Associated_Chipped_Stone_Artefacts,Bone Associated Insitu Materials; Bone Associated Surface Materials,{other},other,10,,,,,,
169153899955,OldBone_-_Associated_Retouched_Artefacts,Bone Associated Insitu Materials; Bone Associated Surface Materials,{notch},notch,1,,,Retouch that creates one or more concavities along the margin of the tool,,,
169153899955,OldBone_-_Associated_Retouched_Artefacts,Bone Associated Insitu Materials; Bone Associated Surface Materials,{scraper},scraper,2,,,Flake (or other blank) with one or more margins of retouch,,,
169153899955,OldBone_-_Associated_Retouched_Artefacts,Bone Associated Insitu Materials; Bone Associated Surface Materials,{backed},backed,3,,,Flake (or other blank) with one or more margins of retouch,,,
169153899955,OldBone_-_Associated_Retouched_Artefacts,Bone Associated Insitu Materials; Bone Associated Surface Materials,{unifpt},unifpt,4,,,"Retouch on one or more margins, which converges to a point in plan view, initiated from a single surface",,,
169153899955,OldBone_-_Associated_Retouched_Artefacts,Bone Associated Insitu Materials; Bone Associated Surface Materials,{bifac},bifac,5,,,Artefact with bifacial retouch,,,
169153899955,OldBone_-_Associated_Retouched_Artefacts,Bone Associated Insitu Materials; Bone Associated Surface Materials,{otherru},otherru,6,,,Any other type of retouch or use-wear,,,
169153899955,OldBone_-_Associated_Retouched_Artefacts,Bone Associated Insitu Materials; Bone Associated Surface Materials,{indet},indet,7,,,Artefact too deeply buried or surface too encrusted to determine type,,,
169153919949,OldBone_-_Associated_Unmodified_Stone,Bone Associated Insitu Materials; Bone Associated Surface Materials,{nodule},nodule,1,,,"A large, nodular or rounded cobble (>64 mm)",,,
169153919949,OldBone_-_Associated_Unmodified_Stone,Bone Associated Insitu Materials; Bone Associated Surface Materials,{slab},slab,2,,,"A thick, flat piece of rock (>64 mm)",,,
169153919949,OldBone_-_Associated_Unmodified_Stone,Bone Associated Insitu Materials; Bone Associated Surface Materials,{pebble},pebble,3,,,"Small nodular or rounded piece, < 64 mm maximum dimension, unlikely to be useful for artefact manufacture",,,
169153919949,OldBone_-_Associated_Unmodified_Stone,Bone Associated Insitu Materials; Bone Associated Surface Materials,{nodslab},nodslab,4,,,Nodule and slab as defined above,,,
169153919949,OldBone_-_Associated_Unmodified_Stone,Bone Associated Insitu Materials; Bone Associated Surface Materials,{nodpeb},nodpeb,5,,,Nodule and pebble as defined above,,,
169153919949,OldBone_-_Associated_Unmodified_Stone,Bone Associated Insitu Materials; Bone Associated Surface Materials,{slabpeb},slabpeb,6,,,Slab and pebble as defined above,,,
169153919949,OldBone_-_Associated_Unmodified_Stone,Bone Associated Insitu Materials; Bone Associated Surface Materials,{all},all,7,,,,,,
169153919949,OldBone_-_Associated_Unmodified_Stone,Bone Associated Insitu Materials; Bone Associated Surface Materials,{indet},indet,8,,,Rock is too deeply buried or encrusted to determine its size and shape,,,
169153919949,OldBone_-_Associated_Unmodified_Stone,Bone Associated Insitu Materials; Bone Associated Surface Materials,{other},other,9,,,,,,
169153931090,OldBone_-_Ground_Stone_Types_Present,Bone Associated Insitu Materials; Bone Associated Surface Materials,{millstone},millstone,1,,,"Large, concave to flattish ground surface",,,
169153931090,OldBone_-_Ground_Stone_Types_Present,Bone Associated Insitu Materials; Bone Associated Surface Materials,{muller},muller,2,,,Convex surface with facet from back and forth motion,,,
169153931090,OldBone_-_Ground_Stone_Types_Present,Bone Associated Insitu Materials; Bone Associated Surface Materials,{mortar},mortar,3,,,A circular or oval basin,,,
169153931090,OldBone_-_Ground_Stone_Types_Present,Bone Associated Insitu Materials; Bone Associated Surface Materials,{pestle},pestle,4,,,A cobble with convex or flattish ground end,,,
169153931090,OldBone_-_Ground_Stone_Types_Present,Bone Associated Insitu Materials; Bone Associated Surface Materials,{grooved},grooved,5,,,Single or multiple grooves,,,
169153931090,OldBone_-_Ground_Stone_Types_Present,Bone Associated Insitu Materials; Bone Associated Surface Materials,{amorph},amorph,6,,,"Poorly defined, or small, discontinuous ground surface, not matching any of the above",,,
169153931090,OldBone_-_Ground_Stone_Types_Present,Bone Associated Insitu Materials; Bone Associated Surface Materials,{undiag},undiag,7,,,"Fragmentary, not complete enough to distinguish nature of ground surface",,,
169153931090,OldBone_-_Ground_Stone_Types_Present,Bone Associated Insitu Materials; Bone Associated Surface Materials,{indet},indet,8,,,Artefact is too deeply buried or encrusted to determine type,,,
169153931090,OldBone_-_Ground_Stone_Types_Present,Bone Associated Insitu Materials; Bone Associated Surface Materials,{other},other,9,,,,,,
169153927614,OldBone_-_Ground_Stone_Status,Bone Associated Insitu Materials; Bone Associated Surface Materials,{whole},whole,1,,,,,,
169153927614,OldBone_-_Ground_Stone_Status,Bone Associated Insitu Materials; Bone Associated Surface Materials,{fragment},fragment,2,,,One or more fragments of a larger artefact or fragments of more than one artefact that do not refit,,,
169153927614,OldBone_-_Ground_Stone_Status,Bone Associated Insitu Materials; Bone Associated Surface Materials,{refits},refits,3,,,"Broken fragments can be refitted back together and/or texture, colour, thickness and/or surface modifications suggest that they are part of the same artefact",,,
169153901415,OldBone_-_Chipped_Stone_Raw_Material,Bone Associated Insitu Materials; Bone Associated Surface Materials,{silcfine},silcfine,1,,,Quartz grains less than 0.25 mm,,,
169153901415,OldBone_-_Chipped_Stone_Raw_Material,Bone Associated Insitu Materials; Bone Associated Surface Materials,{silcmed},silcmed,2,,,Quartz grains 0.25 -- 0.5 mm,,,
169153901415,OldBone_-_Chipped_Stone_Raw_Material,Bone Associated Insitu Materials; Bone Associated Surface Materials,{silccoarse},silccoarse,3,,,Quartz grains greater than 0.5mm,,,
169153901415,OldBone_-_Chipped_Stone_Raw_Material,Bone Associated Insitu Materials; Bone Associated Surface Materials,{silcmicroxtal},silcmicroxtal,4,,,Naked eye cannot identify grains in the matrix,,,
169153901415,OldBone_-_Chipped_Stone_Raw_Material,Bone Associated Insitu Materials; Bone Associated Surface Materials,{qtzite},qtzite,5,,,"Sugary texture, variable grain size and colour",,,
169153901415,OldBone_-_Chipped_Stone_Raw_Material,Bone Associated Insitu Materials; Bone Associated Surface Materials,{qtz},qtz,6,,,"A clear, white, milky white or rose coloured mineral",,,
169153901415,OldBone_-_Chipped_Stone_Raw_Material,Bone Associated Insitu Materials; Bone Associated Surface Materials,{other},other,7,,,"For example, carbonate, chalcedony",,,
169153901415,OldBone_-_Chipped_Stone_Raw_Material,Bone Associated Insitu Materials; Bone Associated Surface Materials,{unident},unident,8,,,,,,
169153901415,OldBone_-_Chipped_Stone_Raw_Material,Bone Associated Insitu Materials; Bone Associated Surface Materials,{indet},indet,9,,,,,,
169153913718,OldBone_-_Unmodified_Stone_Raw_Material,Bone Associated Insitu Materials; Bone Associated Surface Materials,{silcfine},silcfine,1,,,Quartz grains less than 0.25 mm,,,
169153913718,OldBone_-_Unmodified_Stone_Raw_Material,Bone Associated Insitu Materials; Bone Associated Surface Materials,{silcmed},silcmed,2,,,Quartz grains 0.25 -- 0.5 mm,,,
169153913718,OldBone_-_Unmodified_Stone_Raw_Material,Bone Associated Insitu Materials; Bone Associated Surface Materials,{silccoarse},silccoarse,3,,,Quartz grains greater than 0.5mm,,,
169153913718,OldBone_-_Unmodified_Stone_Raw_Material,Bone Associated Insitu Materials; Bone Associated Surface Materials,{silcmicroxtal},silcmicroxtal,4,,,Naked eye cannot identify grains in the matrix,,,
169153913718,OldBone_-_Unmodified_Stone_Raw_Material,Bone Associated Insitu Materials; Bone Associated Surface Materials,{qtzite},qtzite,5,,,"Sugary texture, variable grain size and colour",,,
169153913718,OldBone_-_Unmodified_Stone_Raw_Material,Bone Associated Insitu Materials; Bone Associated Surface Materials,{qtz},qtz,6,,,"A clear, white, milky white or rose coloured mineral",,,
169153913718,OldBone_-_Unmodified_Stone_Raw_Material,Bone Associated Insitu Materials; Bone Associated Surface Materials,{ironst},ironst,7,,,Sedimentary rock containing iron rich minerals,,,
169153913718,OldBone_-_Unmodified_Stone_Raw_Material,Bone Associated Insitu Materials; Bone Associated Surface Materials,{sandst},sandst,8,,,A clastic sedimentary rock made up of sand-sized minerals or grains,,,
169153913718,OldBone_-_Unmodified_Stone_Raw_Material,Bone Associated Insitu Materials; Bone Associated Surface Materials,{other},other,9,,,"For example, carbonate or raw material not identified (enter into annotations)",,,
169153913718,OldBone_-_Unmodified_Stone_Raw_Material,Bone Associated Insitu Materials; Bone Associated Surface Materials,{indet},indet,10,,,Artefact is too deeply buried to identify raw material,,,
169153897906,OldBone_-_Ground_Stone_Raw_Material,Bone Associated Insitu Materials; Bone Associated Surface Materials,{silcrete},silcrete,1,,,Scattered quartz grains in a dense matrix,,,
169153897906,OldBone_-_Ground_Stone_Raw_Material,Bone Associated Insitu Materials; Bone Associated Surface Materials,{sandst},sandst,2,,,A clastic sedimentary rock made up of sand-sized minerals or grains,,,
169153897906,OldBone_-_Ground_Stone_Raw_Material,Bone Associated Insitu Materials; Bone Associated Surface Materials,{qtzite},qtzite,3,,,"Sugary texture, variable grain size and colour",,,
169153897906,OldBone_-_Ground_Stone_Raw_Material,Bone Associated Insitu Materials; Bone Associated Surface Materials,{ironst},ironst,4,,,A clastic sedimentary rock made up of sand-sized minerals or grains,,,
169153897906,OldBone_-_Ground_Stone_Raw_Material,Bone Associated Insitu Materials; Bone Associated Surface Materials,{other},other,5,,,"For example, carbonate or raw material not identified (enter into annotations)",,,
169153897906,OldBone_-_Ground_Stone_Raw_Material,Bone Associated Insitu Materials; Bone Associated Surface Materials,{indet},indet,6,,,Too deeply buried to determine raw material type,,,
169153939099,OldBone_-_Associated_Other_Artefacts,Bone Associated Insitu Materials; Bone Associated Surface Materials,{bonemod},bonemod,1,,,"Bone with ground or polished surface(s), may be bevelled or pointed at one or both ends",,,
169153939099,OldBone_-_Associated_Other_Artefacts,Bone Associated Insitu Materials; Bone Associated Surface Materials,{shellmod},shellmod,2,,,Thick fragment of shell with notches or other evidence of working or use along one or more margins,,,
169153939099,OldBone_-_Associated_Other_Artefacts,Bone Associated Insitu Materials; Bone Associated Surface Materials,{eggmod},eggmod,3,,,"Eggshell with modified surface, e.g. tooth mark or drill hole",,,
169153939099,OldBone_-_Associated_Other_Artefacts,Bone Associated Insitu Materials; Bone Associated Surface Materials,{ochrediss},ochrediss,4,,,Flecks or fragments of ochre disseminated through the sediment,,,
169153939099,OldBone_-_Associated_Other_Artefacts,Bone Associated Insitu Materials; Bone Associated Surface Materials,{ochrenod},ochrenod,5,,,Small nodule of ochre,,,
169153939099,OldBone_-_Associated_Other_Artefacts,Bone Associated Insitu Materials; Bone Associated Surface Materials,{ochrefacet},ochrefacet,6,,,"Ochre with facets, indicating use as crayon",,,
169153939099,OldBone_-_Associated_Other_Artefacts,Bone Associated Insitu Materials; Bone Associated Surface Materials,{qtzxtal},qtzxtal,7,,,Unworked quartz crystal,,,
169153939099,OldBone_-_Associated_Other_Artefacts,Bone Associated Insitu Materials; Bone Associated Surface Materials,{turbo},turbo,8,,,"Marine gastropod, round shell with white zigzag stripes, up to 4cm long",,,
169153939099,OldBone_-_Associated_Other_Artefacts,Bone Associated Insitu Materials; Bone Associated Surface Materials,{other},other,9,,,"Any other worked, utilised or transported material not listed above",,,
169153942339,Hearth_-_Grid_Square,Hearth,,,,,,,,,
169153893508,Hearth_-_ID_Number,Hearth,,,,,,,,,
169153924973,Hearth_-_Hearth_Type,Hearth,{Hearths_with_heat-retainer_hearthstones},Hearths with heat-retainer hearthstones,1,,,,,,
169153924973,Hearth_-_Hearth_Type,Hearth,{Hearths_without_hearthstones},Hearths without hearthstones,2,,,,,,
169153924973,Hearth_-_Hearth_Type,Hearth,{hsterm},hsterm,1,,,"Termite nest hearthstones (holes and channels visible, sandy texture)",{Hearths_with_heat-retainer_hearthstones},,
169153924973,Hearth_-_Hearth_Type,Hearth,{hscarb},hscarb,2,,,Carbonate hearthstones,{Hearths_with_heat-retainer_hearthstones},,
169153924973,Hearth_-_Hearth_Type,Hearth,{hsclay},hsclay,3,,,Baked clay or sandy clay hearthstones,{Hearths_with_heat-retainer_hearthstones},,
169153924973,Hearth_-_Hearth_Type,Hearth,{hsother},hsother,4,,,Other type of hearthstones (e.g. silcrete nodules),{Hearths_with_heat-retainer_hearthstones},,
169153924973,Hearth_-_Hearth_Type,Hearth,{hsindet},hsindet,5,,,Hearthstones of indeterminate material,{Hearths_with_heat-retainer_hearthstones},,
169153924973,Hearth_-_Hearth_Type,Hearth,{emupat},emupat,1,,,"Thin, discrete patch of baked sediments with the form of an emu pat (or cow pat), usually associated with charcoal, ash and/or organic remains",{Hearths_without_hearthstones},,
169153924973,Hearth_-_Hearth_Type,Hearth,{bakedclay},bakedclay,2,,,"Thin, discrete layer of burnt clay (orange in colour, freshly broken surfaces may be smooth and lustrous) underlain by black stain, may or may not be associated with organic material",{Hearths_without_hearthstones},,
169153924973,Hearth_-_Hearth_Type,Hearth,{bakedsed},bakedsed,3,,,"Any other patch of baked sediment, with or without associated charcoal or organic remains",{Hearths_without_hearthstones},,
169153924973,Hearth_-_Hearth_Type,Hearth,{ashlens},ashlens,4,,,"A thin, laterally extensive lens containing ash or disseminated charcoal, with or without associated organic remains",{Hearths_without_hearthstones},,
169153924973,Hearth_-_Hearth_Type,Hearth,{ashpatch},ashpatch,5,,,"A reasonably discrete patch containing fragmented or disseminated charcoal and/ or ash, with or without associated organic remains",{Hearths_without_hearthstones},,
169153924973,Hearth_-_Hearth_Type,Hearth,{charclens},charclens,6,,,A discrete lens of charcoal fragments (rare),{Hearths_without_hearthstones},,
169153924973,Hearth_-_Hearth_Type,Hearth,{staining},staining,7,,,"Black staining of the sediment that does not correspond to any of the above, no or very little charcoal present, no organic remains, undiffuse boundaries",{Hearths_without_hearthstones},,
169153924973,Hearth_-_Hearth_Type,Hearth,{other},other,8,,,"A cluster of burnt material without clear hearth structure or sediment alteration, e.g. fish hearth, emu eggshell hearth",{Hearths_without_hearthstones},,
169153915636,Hearth_-_Brief_description,Hearth,,,,,,,,,
169153901219,Hearth_-_Charcoal,Hearth,{none},none,1,,,No charcoal visible,,,
169153901219,Hearth_-_Charcoal,Hearth,{diss},diss,2,,,Disseminated charcoal: fine particles of charcoal dispersed through the hearth feature or its sedimentary matrix,,,
169153901219,Hearth_-_Charcoal,Hearth,{flecks},flecks,3,,,Small fragments of charcoal dispersed through the hearth feature or its sedimentary matrix,,,
169153901219,Hearth_-_Charcoal,Hearth,{indet},indet,4,,,"Dark particles or flecks visible, but origin indeterminate",,,
169153901219,Hearth_-_Charcoal,Hearth,{lumps},lumps,5,,,Large lumps of charcoal within the hearth or its sedimentary matrix,,,
169153901219,Hearth_-_Charcoal,Hearth,{other},other,6,,,,,,
169153919085,Hearth_-_Proportion_of_material_that_remains_in_situ,Hearth,{most},most,1,missing.jpg,missing.jpg; missing.jpg,The majority of the visible hearth material is in situ,,,
169153919085,Hearth_-_Proportion_of_material_that_remains_in_situ,Hearth,{some},some,2,missing.jpg,missing.jpg; missing.jpg,At least some of the hearth is in situ,,,
169153919085,Hearth_-_Proportion_of_material_that_remains_in_situ,Hearth,{surface},surface,3,missing.jpg,missing.jpg; missing.jpg,No hearth material is embedded in sediment,,,
169153919085,Hearth_-_Proportion_of_material_that_remains_in_situ,Hearth,{recement},recement,4,missing.jpg,missing.jpg; missing.jpg,"The hearth material appears to be in situ, but there is a high likelihood that it is actually cemented in redeposited sediment",,,
169153919085,Hearth_-_Proportion_of_material_that_remains_in_situ,Hearth,{ambiguous},ambiguous,5,missing.jpg,missing.jpg; missing.jpg,"The hearth material appears to be in situ, but it is impossible to say whether it is actually recemented",,,
169153919085,Hearth_-_Proportion_of_material_that_remains_in_situ,Hearth,{other},other,6,missing.jpg,missing.jpg; missing.jpg,,,,
169153862095,Hearth_-_Modification_of_heat-retainer_hearths,Hearth,{none},none,1,,,"Hearth structure is largely maintained, hearthstones are in good conditions",,,
169153862095,Hearth_-_Modification_of_heat-retainer_hearths,Hearth,{frag},frag,2,,,Material highly fragmented,,,
169153862095,Hearth_-_Modification_of_heat-retainer_hearths,Hearth,{dispers},dispers,3,,,Material widely dispersed from in situ or clustered part of hearth,,,
169153862095,Hearth_-_Modification_of_heat-retainer_hearths,Hearth,{polish},polish,4,,,Hearthstones are smoothed and glossy material,,,
169153862095,Hearth_-_Modification_of_heat-retainer_hearths,Hearth,{other},other,5,,,Record in notes,,,
169153910563,Hearth_-_Modification_of_non-heat_retainer_hearths,Hearth,{none},none,1,,,Hearth structure is intact and hearth material is largely unweathered,,,
169153910563,Hearth_-_Modification_of_non-heat_retainer_hearths,Hearth,{weather},weather,2,,,"Hearth material has started to weather and/or crumble, but the feature remains largely intact",,,
169153910563,Hearth_-_Modification_of_non-heat_retainer_hearths,Hearth,{root},root,3,,,roots or root channels running through the hearth,,,
169153910563,Hearth_-_Modification_of_non-heat_retainer_hearths,Hearth,{incrill},incrill,4,,,Incipient rill network extending to edge of hearth or cutting back into it,,,
169153910563,Hearth_-_Modification_of_non-heat_retainer_hearths,Hearth,{rill},rill,5,,,Well-developed rills are cutting through the hearth,,,
169153910563,Hearth_-_Modification_of_non-heat_retainer_hearths,Hearth,{undercut},undercut,6,,,Underlying sediment has been removed through erosion,,,
169153910563,Hearth_-_Modification_of_non-heat_retainer_hearths,Hearth,{gul},gul,7,,,Feature is bisected by an established gully,,,
169153910563,Hearth_-_Modification_of_non-heat_retainer_hearths,Hearth,{frag},frag,8,,,"Components of the hearth (eg. baked sediment, emu eggshell) are highly fragmented",,,
169153910563,Hearth_-_Modification_of_non-heat_retainer_hearths,Hearth,{disp},disp,9,,,"Components of the hearth (eg. baked sediment, emu eggshell) are widely dispersed from in situ or tightly clustered surface material",,,
169153910563,Hearth_-_Modification_of_non-heat_retainer_hearths,Hearth,{fragdisp},fragdisp,10,,,Components of the hearth are fragmented and dispersed,,,
169153910563,Hearth_-_Modification_of_non-heat_retainer_hearths,Hearth,{other},other,11,,,,,,
169153952410,Hearth_-_Topographic_Setting,Hearth,{platform},platform,1,missing.jpg,missing.jpg; missing.jpg,"Broad, flat platform exposure",,,
169153952410,Hearth_-_Topographic_Setting,Hearth,{less6Degree},<6degree,2,missing.jpg,missing.jpg; missing.jpg,Slightly sloping surface,,,
169153952410,Hearth_-_Topographic_Setting,Hearth,{6To12Degree},6-12degree,3,missing.jpg,missing.jpg; missing.jpg,Moderately sloping surface,,,
169153952410,Hearth_-_Topographic_Setting,Hearth,{greater12Degree},>12degree,4,missing.jpg,missing.jpg; missing.jpg,More steeply sloping surface,,,
169153952410,Hearth_-_Topographic_Setting,Hearth,{shallrill},shallrill,5,missing.jpg,missing.jpg; missing.jpg,Within a shallow rill,,,
169153952410,Hearth_-_Topographic_Setting,Hearth,{rillfloor},rillfloor,6,missing.jpg,missing.jpg; missing.jpg,"In the floor of a deep rill (strong, vertical rilling in clay-rich sediments)",,,
169153952410,Hearth_-_Topographic_Setting,Hearth,{rillwall},rillwall,7,missing.jpg,missing.jpg; missing.jpg,"In the wall of a deep rill (strong, vertical rilling in clay-rich sediments)",,,
169153952410,Hearth_-_Topographic_Setting,Hearth,{ridge},ridge,8,missing.jpg,missing.jpg; missing.jpg,On a narrow ridge in heavily eroded area,,,
169153952410,Hearth_-_Topographic_Setting,Hearth,{ridgerill},ridgerill,9,missing.jpg,missing.jpg; missing.jpg,Feature in a heavily eroded area is cut by deep rills and straddles rill wall and rill flow,,,
169153952410,Hearth_-_Topographic_Setting,Hearth,{shalgulfl},shalgulfl,10,missing.jpg,missing.jpg; missing.jpg,In the floor of a gully less than 1.5m wide or deep,,,
169153952410,Hearth_-_Topographic_Setting,Hearth,{shalgulwal},shalgulwal,11,missing.jpg,missing.jpg; missing.jpg,In the wall of a gully less than 1.5m wide or deep,,,
169153952410,Hearth_-_Topographic_Setting,Hearth,{deepgulfl},deepgulfl,12,missing.jpg,missing.jpg; missing.jpg,In the floor of a gully greater than 1.5m wide and deep,,,
169153952410,Hearth_-_Topographic_Setting,Hearth,{deepgulwal},deepgulwal,13,missing.jpg,missing.jpg; missing.jpg,In the wall of a gully greater than 1.5m wide and deep,,,
169153952410,Hearth_-_Topographic_Setting,Hearth,{residtop},residtop,14,missing.jpg,missing.jpg; missing.jpg,Flat surface on top of a residual,,,
169153952410,Hearth_-_Topographic_Setting,Hearth,{residside},residside,15,missing.jpg,missing.jpg; missing.jpg,In the side of a residual,,,
169153952410,Hearth_-_Topographic_Setting,Hearth,{chanfloor},chanfloor,16,missing.jpg,missing.jpg; missing.jpg,In the floor of a modern outwash channel,,,
169153952410,Hearth_-_Topographic_Setting,Hearth,{chanwall},chanwall,17,missing.jpg,missing.jpg; missing.jpg,In the wall of a modern outwash channel,,,
169153952410,Hearth_-_Topographic_Setting,Hearth,{allfan},allfan,18,missing.jpg,missing.jpg; missing.jpg,modern alluvial fan,,,
169153952410,Hearth_-_Topographic_Setting,Hearth,{other},other,19,missing.jpg,missing.jpg; missing.jpg,,,,
169153918525,Hearth_-_Sediment_Type,Hearth,{redsand},redsand,1,missing.jpg,missing.jpg; missing.jpg,quartz sand of a reddish colour,,,
169153918525,Hearth_-_Sediment_Type,Hearth,{brownsand},brownsand,2,missing.jpg,missing.jpg; missing.jpg,quartz sands of a brownish colour,,,
169153918525,Hearth_-_Sediment_Type,Hearth,{whitesand},whitesand,3,missing.jpg,missing.jpg; missing.jpg,sand that is clean (no clay) and white,,,
169153918525,Hearth_-_Sediment_Type,Hearth,{othersand},othersand,4,missing.jpg,missing.jpg; missing.jpg,quartz sands of a different colour (eg pink),,,
169153918525,Hearth_-_Sediment_Type,Hearth,{clayeysand},clayeysand,5,missing.jpg,missing.jpg; missing.jpg,quartz sands that contain some clay,,,
169153918525,Hearth_-_Sediment_Type,Hearth,{laminarsand},laminarsand,6,missing.jpg,missing.jpg; missing.jpg,"fine laminae of quartz sands, clayey sands and clays; brown colour, sands predominate",,,
169153918525,Hearth_-_Sediment_Type,Hearth,{redlamsand},redlamsand,7,missing.jpg,missing.jpg; missing.jpg,red sands preserving fine bedding,,,
169153918525,Hearth_-_Sediment_Type,Hearth,{unconsolsand},unconsolsand,8,missing.jpg,missing.jpg; missing.jpg,"unconsolidated sands, sometimes with thin horizons of carbonate (archaeology bearing)",,,
169153918525,Hearth_-_Sediment_Type,Hearth,{modernaeolian},modernaeolian,9,missing.jpg,missing.jpg; missing.jpg,"shifting veneer of unconsolidated sands, coppice sands",,,
169153918525,Hearth_-_Sediment_Type,Hearth,{pelletalclay},pelletalclay,10,missing.jpg,missing.jpg; missing.jpg,grey clays made up of clay pellets,,,
169153918525,Hearth_-_Sediment_Type,Hearth,{alternat},alternat,11,missing.jpg,missing.jpg; missing.jpg,alternating beds of pelletal clay and quartz sand,,,
169153918525,Hearth_-_Sediment_Type,Hearth,{clay-alt},clay-alt,12,missing.jpg,missing.jpg; missing.jpg,distinct bed of pelletal clay within a sequence of alternating sands and clays,,,
169153918525,Hearth_-_Sediment_Type,Hearth,{sand-alt},sand-alt,13,missing.jpg,missing.jpg; missing.jpg,distinct bed of quartz sand within a sequence of alternating sands and clays,,,
169153918525,Hearth_-_Sediment_Type,Hearth,{bluelam-alt},bluelam-alt,14,missing.jpg,missing.jpg; missing.jpg,"mm-thick, but laterally traceable lens of clay with distinct 'blue' colour",,,
169153918525,Hearth_-_Sediment_Type,Hearth,{greenclay},greenclay,15,missing.jpg,missing.jpg; missing.jpg,clay of a green colour,,,
169153918525,Hearth_-_Sediment_Type,Hearth,{redsoil},redsoil,16,missing.jpg,missing.jpg; missing.jpg,soil of a reddish colour,,,
169153918525,Hearth_-_Sediment_Type,Hearth,{brownsoil},brownsoil,17,missing.jpg,missing.jpg; missing.jpg,soil of a brownish colour,,,
169153918525,Hearth_-_Sediment_Type,Hearth,{darksoil},darksoil,18,missing.jpg,missing.jpg; missing.jpg,"soil with greyish to dark greyish colour, carbonate rich",,,
169153918525,Hearth_-_Sediment_Type,Hearth,{carbsoft},carbsoft,19,missing.jpg,missing.jpg; missing.jpg,sediment containing diffuse soil carbonate (C horizon),,,
169153918525,Hearth_-_Sediment_Type,Hearth,{carbnodule},carbnodule,20,missing.jpg,missing.jpg; missing.jpg,sediment containing hard carbonate nodules (C horizon),,,
169153918525,Hearth_-_Sediment_Type,Hearth,{carbpavemt},carbpavemt,21,missing.jpg,missing.jpg; missing.jpg,well developed in situ soil carbonates forming a solid pavement,,,
169153918525,Hearth_-_Sediment_Type,Hearth,{carblag},carblag,22,missing.jpg,missing.jpg; missing.jpg,"broken up, angular pieces of carbonate nodules, root traces, burrows, rhizomorphs representing a reworked lag",,,
169153918525,Hearth_-_Sediment_Type,Hearth,{finesilt},finesilt,23,missing.jpg,missing.jpg; missing.jpg,"fine, well-sorted silt with no clay component",,,
169153918525,Hearth_-_Sediment_Type,Hearth,{cobblebeach},cobblebeach,24,missing.jpg,missing.jpg; missing.jpg,"continuous bed of rounded carbonate nodules, rhizomorphs etc together with rounded pebbles/cobbles of qtz or rock fragments",,,
169153918525,Hearth_-_Sediment_Type,Hearth,{gravelbeach},gravelbeach,25,missing.jpg,missing.jpg; missing.jpg,relatively continuous bed of rounded gravels and coarse sand,,,
169153918525,Hearth_-_Sediment_Type,Hearth,{other},other,26,missing.jpg,missing.jpg; missing.jpg,,,,
169153921930,Hearth_-_Stratigraphic_Unit,Hearth,{Golgol},Golgol,1,missing.jpg,missing.jpg; missing.jpg,deeply weathered sands and clays with strong red colour,,,
169153921930,Hearth_-_Stratigraphic_Unit,Hearth,{ggC},ggC,2,missing.jpg,missing.jpg; missing.jpg,Golgol C horizon: in situ carbonate nodules and sediments cemented together to form distinct pavement (pinkish colour),,,
169153921930,Hearth_-_Stratigraphic_Unit,Hearth,{gglag},gglag,3,missing.jpg,missing.jpg; missing.jpg,"surface lag made up of broken up, angular pieces of pinkish carbonate nodules, root traces etc derived from the Golgol C",,,
169153921930,Hearth_-_Stratigraphic_Unit,Hearth,{B},B,4,missing.jpg,missing.jpg; missing.jpg,Lower Mungo,,,
169153921930,Hearth_-_Stratigraphic_Unit,Hearth,{C},C,5,missing.jpg,missing.jpg; missing.jpg,Upper Mungo,,,
169153921930,Hearth_-_Stratigraphic_Unit,Hearth,{D},D,6,missing.jpg,missing.jpg; missing.jpg,mega-lake sediments,,,
169153921930,Hearth_-_Stratigraphic_Unit,Hearth,{E},E,7,missing.jpg,missing.jpg; missing.jpg,Arumpo/Zanci,,,
169153921930,Hearth_-_Stratigraphic_Unit,Hearth,{F},F,8,missing.jpg,missing.jpg; missing.jpg,unconsolidated sands reworked lunette sediments,,,
169153921930,Hearth_-_Stratigraphic_Unit,Hearth,{G},G,9,missing.jpg,missing.jpg; missing.jpg,Holocene alluvial fans,,,
169153921930,Hearth_-_Stratigraphic_Unit,Hearth,{H},H,10,missing.jpg,missing.jpg; missing.jpg,modern aeolian,,,
169153921930,Hearth_-_Stratigraphic_Unit,Hearth,{I},I,11,missing.jpg,missing.jpg; missing.jpg,modern alluvium,,,
169153921930,Hearth_-_Stratigraphic_Unit,Hearth,{indet},indet,12,missing.jpg,missing.jpg; missing.jpg,stratgraphic unit not yet identified,,,
169153921930,Hearth_-_Stratigraphic_Unit,Hearth,{other},other,13,missing.jpg,missing.jpg; missing.jpg,,,,
169153914742,Hearth_-_Vulnerability_To_Erosion,Hearth,{low},low,1,missing.jpg,missing.jpg; missing.jpg,"On a relatively stable, flat surface or gentle slope that is not being eroded by rills, in well cemented (firm) sediment",,,
169153914742,Hearth_-_Vulnerability_To_Erosion,Hearth,{moderate},moderate,2,missing.jpg,missing.jpg; missing.jpg,"Wider area is being eaten away by ongoing erosion, e.g. near edge of platform exposure, gully head, expanding rill system",,,
169153914742,Hearth_-_Vulnerability_To_Erosion,Hearth,{high},high,3,missing.jpg,missing.jpg; missing.jpg,"High probability of material being removed by erosion, or of the hearth losing its integrity, e.g. relatively steep slope with incipient rills and/or in loose sandy sediment",,,
169153914742,Hearth_-_Vulnerability_To_Erosion,Hearth,{extreme},extreme,4,missing.jpg,missing.jpg; missing.jpg,"Hearth material is in imminent danger of rapid removal and loss, e.g. edge of eroding residual or deep rill, in gully wall, on a steep slope- washed surface, or in loose sandy sediment",,,
169153914742,Hearth_-_Vulnerability_To_Erosion,Hearth,{other},other,5,missing.jpg,missing.jpg; missing.jpg,,,,
169153941130,Hearth_-_Palaeotopographic_Setting,Hearth,{foredune},foredune,1,missing.jpg,missing.jpg; missing.jpg,Stratigraphic layers are sloping towards the lakebed,,,
169153941130,Hearth_-_Palaeotopographic_Setting,Hearth,{backdune},backdune,2,missing.jpg,missing.jpg; missing.jpg,Stratigraphic layers are sloping towards the hinterland,,,
169153941130,Hearth_-_Palaeotopographic_Setting,Hearth,{crest},crest,3,missing.jpg,missing.jpg; missing.jpg,"Crest of dune, stratigraphic layers slope away, towards both lakebed and hinterland",,,
169153941130,Hearth_-_Palaeotopographic_Setting,Hearth,{beach},beach,4,missing.jpg,missing.jpg; missing.jpg,An area of rounded cobbles or gravels in distinct horizon,,,
169153941130,Hearth_-_Palaeotopographic_Setting,Hearth,{spit},spit,5,missing.jpg,missing.jpg; missing.jpg,Projection from dune into lakebed,,,
169153941130,Hearth_-_Palaeotopographic_Setting,Hearth,{lakebed},lakebed,6,missing.jpg,missing.jpg; missing.jpg,Lakebed sediments,,,
169153941130,Hearth_-_Palaeotopographic_Setting,Hearth,{indet},indet,7,missing.jpg,missing.jpg; missing.jpg,Indeterminate,,,
169153941130,Hearth_-_Palaeotopographic_Setting,Hearth,{other},other,8,missing.jpg,missing.jpg; missing.jpg,,,,
169153917766,Hearth_-_Photos,Hearth,,,,,,,,,
169153897922,Hearth_-_Notes,Hearth,,,,,,,,,
169153918196,HearthAssoc_-_Associated_material,Hearth Associated Materials,{lacust},lacust,1,,,"Lacustrine material other than mussel (fish bone, otoliths, etc.)",,,
169153918196,HearthAssoc_-_Associated_material,Hearth Associated Materials,{terrbone},terrbone,2,,,Terrestrial bone material,,,
169153918196,HearthAssoc_-_Associated_material,Hearth Associated Materials,{indetbone},indetbone,3,,,Bone that cannot be identified as terrestrial or fish (e.g. fragments too small),,,
169153918196,HearthAssoc_-_Associated_material,Hearth Associated Materials,{undiagbone},undiagbone,4,,,"Bone present, but fragments too small to preserve diagnostic features",,,
169153918196,HearthAssoc_-_Associated_material,Hearth Associated Materials,{eggshell},eggshell,5,,,"Emu, Genyornis or other eggshell",,,
169153918196,HearthAssoc_-_Associated_material,Hearth Associated Materials,{stoneart},stoneart,6,,,"Chipped, unmodified or ground stone",,,
169153918196,HearthAssoc_-_Associated_material,Hearth Associated Materials,{ochrediss},ochrediss,7,,,"Soft, friable fragments of ochre embedded in sediment",,,
169153918196,HearthAssoc_-_Associated_material,Hearth Associated Materials,{ochrenod},ochrenod,8,,,Hard nodule of ochre with no visible striations or facets,,,
169153918196,HearthAssoc_-_Associated_material,Hearth Associated Materials,{ochrefacet},ochrefacet,9,,,"hard nodule of ochre with facets, indicating use as crayon",,,
169153918196,HearthAssoc_-_Associated_material,Hearth Associated Materials,{otherwork},otherwork,10,,,Other worked or transported material,,,
169153918196,HearthAssoc_-_Associated_material,Hearth Associated Materials,{other},other,11,,,Other material not listed above,,,
169153904877,HearthAssoc_-_Associated_lacustrine_material,Hearth Associated Materials,{fishbone},fishbone,1,,,Fish bone,,,
169153904877,HearthAssoc_-_Associated_lacustrine_material,Hearth Associated Materials,{otoliths},otoliths,2,,,Fish otolith,,,
169153904877,HearthAssoc_-_Associated_lacustrine_material,Hearth Associated Materials,{gastrolith},gastrolith,3,,,Crustacean gastrolith,,,
169153904877,HearthAssoc_-_Associated_lacustrine_material,Hearth Associated Materials,{exoskel},exoskel,4,,,Crustacean exoskeleton,,,
169153904877,HearthAssoc_-_Associated_lacustrine_material,Hearth Associated Materials,{other},other,5,,,,,,
169153914002,HearthAssoc_-_Burnt_lacustrine_material,Hearth Associated Materials,{Yes},Yes,1,,,Calcined or charred material present,,,
169153914002,HearthAssoc_-_Burnt_lacustrine_material,Hearth Associated Materials,{No},No,2,,,No burned material,,,
169153914002,HearthAssoc_-_Burnt_lacustrine_material,Hearth Associated Materials,{indet},indet,3,,,"Cannot determine because material is embedded in sediment, covered with other material or with a sand veneer",,,
169153917942,HearthAssoc_-_Associated_terrestrial_bone,Hearth Associated Materials,{mammal},mammal,1,,,,,,
169153917942,HearthAssoc_-_Associated_terrestrial_bone,Hearth Associated Materials,{birdbone},birdbone,2,,,"If emu, enter in notes",,,
169153917942,HearthAssoc_-_Associated_terrestrial_bone,Hearth Associated Materials,{reptile},reptile,3,,,,,,
169153917942,HearthAssoc_-_Associated_terrestrial_bone,Hearth Associated Materials,{other},other,4,,,,,,
169153917942,HearthAssoc_-_Associated_terrestrial_bone,Hearth Associated Materials,{unident},unident,5,,,Cannot be identified by recorder,,,
169153917942,HearthAssoc_-_Associated_terrestrial_bone,Hearth Associated Materials,{undiag},undiag,6,,,"Does not preserve any diagnostic features (teeth, long bone ends, muscle markings)",,,
169153904482,HearthAssoc_-_Burnt_terrestrial_bone,Hearth Associated Materials,{Yes},Yes,1,,,Calcined or charred material present,,,
169153904482,HearthAssoc_-_Burnt_terrestrial_bone,Hearth Associated Materials,{No},No,2,,,No burned material,,,
169153904482,HearthAssoc_-_Burnt_terrestrial_bone,Hearth Associated Materials,{indet},indet,3,,,"Cannot determine because material is embedded in sediment, covered with other material or with a sand veneer",,,
169153900986,HearthAssoc_-_Associated_eggshell,Hearth Associated Materials,{emu},emu,1,,,Emu eggshell,,,
169153900986,HearthAssoc_-_Associated_eggshell,Hearth Associated Materials,{genyo},genyo,2,,,Genyornis eggshell,,,
169153900986,HearthAssoc_-_Associated_eggshell,Hearth Associated Materials,{other},other,3,,,"Other eggshell, clearly not emu or Genyornis (e.g. duck, swan)",,,
169153900986,HearthAssoc_-_Associated_eggshell,Hearth Associated Materials,{indet},indet,4,,,"Indeterminate eggshell, features unclear due to surface modification",,,
169153903016,HearthAssoc_-_Burnt_eggshell,Hearth Associated Materials,{Yes},Yes,1,,,Calcined or charred material present,,,
169153903016,HearthAssoc_-_Burnt_eggshell,Hearth Associated Materials,{No},No,2,,,No burned material,,,
169153903016,HearthAssoc_-_Burnt_eggshell,Hearth Associated Materials,{indet},indet,3,,,"Cannot determine because material is embedded in sediment, covered with other material or with a sand veneer",,,
169153912685,HearthAssoc_-_Associated_stone_artefacts,Hearth Associated Materials,{cs},cs,1,,,Chipped stone,,,
169153912685,HearthAssoc_-_Associated_stone_artefacts,Hearth Associated Materials,{um},um,2,,,Unmodified stone,,,
169153912685,HearthAssoc_-_Associated_stone_artefacts,Hearth Associated Materials,{ground},ground,3,,,Ground stone,,,
169153912685,HearthAssoc_-_Associated_stone_artefacts,Hearth Associated Materials,{other},other,4,,,,,,
169153911241,HearthAssoc_-_Associated_chipped_stone_artefacts,Hearth Associated Materials,{ru},ru,1,,,Retouched/utilised artefact,,,
169153911241,HearthAssoc_-_Associated_chipped_stone_artefacts,Hearth Associated Materials,{co},co,2,,,Core,,,
169153911241,HearthAssoc_-_Associated_chipped_stone_artefacts,Hearth Associated Materials,{deb},deb,3,,,"Flaking debris, including whole flakes, broken flakes and angular fragments",,,
169153911241,HearthAssoc_-_Associated_chipped_stone_artefacts,Hearth Associated Materials,{hammer},hammer,4,,,Hammerstone,,,
169153911241,HearthAssoc_-_Associated_chipped_stone_artefacts,Hearth Associated Materials,{indet},indet,5,,,Indeterminate,,,
169153911241,HearthAssoc_-_Associated_chipped_stone_artefacts,Hearth Associated Materials,{other},other,6,,,,,,
169153905338,HearthAssoc_-_Associated_retouched_artefacts,Hearth Associated Materials,{notch},notch,1,,,Retouch that creates one or more concavities along the margin of the tool,,,
169153905338,HearthAssoc_-_Associated_retouched_artefacts,Hearth Associated Materials,{scraper},scraper,2,,,Flake with one or more margins of retouch,,,
169153905338,HearthAssoc_-_Associated_retouched_artefacts,Hearth Associated Materials,{backed},backed,3,,,"Tool with steep, blunting retouch along one margin",,,
169153905338,HearthAssoc_-_Associated_retouched_artefacts,Hearth Associated Materials,{unifpt},unifpt,4,,,"Retouch on one or more margins, which converge to a point in plan view, initiated from a single surface",,,
169153905338,HearthAssoc_-_Associated_retouched_artefacts,Hearth Associated Materials,{bifacpt},bifacpt,5,,,"Retouch on one or more margins, which converge to a point in plan view, initiated from two surfaces",,,
169153905338,HearthAssoc_-_Associated_retouched_artefacts,Hearth Associated Materials,{otherru},otherru,6,,,Any other type of retouch or use-wear,,,
169153905338,HearthAssoc_-_Associated_retouched_artefacts,Hearth Associated Materials,{other},other,7,,,,,,
169153905206,HearthAssoc_-_Associated_unmodified_stone,Hearth Associated Materials,{nodule},nodule,1,,,Nodular or rounded cobble,,,
169153905206,HearthAssoc_-_Associated_unmodified_stone,Hearth Associated Materials,{slab},slab,2,,,Angular piece,,,
169153905206,HearthAssoc_-_Associated_unmodified_stone,Hearth Associated Materials,{pebble},pebble,3,,,"Small nodular or rounded piece, unlikely to be useful for artefact manufacture",,,
169153905206,HearthAssoc_-_Associated_unmodified_stone,Hearth Associated Materials,{other},other,4,,,,,,
169153914108,HearthAssoc_-_Ground_stone_types_present,Hearth Associated Materials,{millstone},millstone,1,,,"Large, concave to flattish ground surface",,,
169153914108,HearthAssoc_-_Ground_stone_types_present,Hearth Associated Materials,{muller},muller,2,,,Convex surface with facet from back and forth motion,,,
169153914108,HearthAssoc_-_Ground_stone_types_present,Hearth Associated Materials,{mortar},mortar,3,,,A circular or oval basin,,,
169153914108,HearthAssoc_-_Ground_stone_types_present,Hearth Associated Materials,{pestle},pestle,4,,,A cobble with convex of flattish ground end,,,
169153914108,HearthAssoc_-_Ground_stone_types_present,Hearth Associated Materials,{grooved},grooved,5,,,Single or multiple grooves,,,
169153914108,HearthAssoc_-_Ground_stone_types_present,Hearth Associated Materials,{amorph},amorph,6,,,"Poorly defined, or small, discontinuous ground surface, not matching any of the above",,,
169153914108,HearthAssoc_-_Ground_stone_types_present,Hearth Associated Materials,{undiag},undiag,7,,,"Fragmentary, not complete enough to distinguish nature of ground surface",,,
169153914108,HearthAssoc_-_Ground_stone_types_present,Hearth Associated Materials,{unident},unident,8,,,Artefact is too deeply buried to determine type,,,
169153914108,HearthAssoc_-_Ground_stone_types_present,Hearth Associated Materials,{other},other,9,,,,,,
169153902925,HearthAssoc_-_Ground_stone_status,Hearth Associated Materials,{whole},whole,1,,,,,,
169153902925,HearthAssoc_-_Ground_stone_status,Hearth Associated Materials,{fragment},fragment,2,,,,,,
169153902925,HearthAssoc_-_Ground_stone_status,Hearth Associated Materials,{refit},refit,3,,,"Broken fragments can be refitted back together and/or texture, colour, thickness and/or surface modifications suggest that they are part of the same artefact",,,
169153902925,HearthAssoc_-_Ground_stone_status,Hearth Associated Materials,{other},other,4,,,,,,
169153920143,HearthAssoc_-_Chipped_Stone_Raw_Material,Hearth Associated Materials,{silcfine},silcfine,1,,,Quartz grains in the matrix are < 0.25 mm,,,
169153920143,HearthAssoc_-_Chipped_Stone_Raw_Material,Hearth Associated Materials,{silcmed},silcmed,2,,,Quartz grains in the matrix are 0.25 -- 0.5 mm,,,
169153920143,HearthAssoc_-_Chipped_Stone_Raw_Material,Hearth Associated Materials,{silccoarse},silccoarse,3,,,Quartz grains in the matrix are > 0.5mm,,,
169153920143,HearthAssoc_-_Chipped_Stone_Raw_Material,Hearth Associated Materials,{silcmicroxtal},silcmicroxtal,4,,,Naked eye cannot identify grains in the matrix,,,
169153920143,HearthAssoc_-_Chipped_Stone_Raw_Material,Hearth Associated Materials,{qtzite},qtzite,5,,,"Sugary texture, variable grain size and colour",,,
169153920143,HearthAssoc_-_Chipped_Stone_Raw_Material,Hearth Associated Materials,{qtz},qtz,6,,,"A clear, white, milky white or rose coloured mineral",,,
169153920143,HearthAssoc_-_Chipped_Stone_Raw_Material,Hearth Associated Materials,{other},other,7,,,"If material can be identified, enter into notes",,,
169153920143,HearthAssoc_-_Chipped_Stone_Raw_Material,Hearth Associated Materials,{indet},indet,8,,,Material could not be identified,,,
169153912967,HearthAssoc_-_Unmodified_Raw_Material,Hearth Associated Materials,{silcfine},silcfine,1,,,Quartz grains in the matrix are < 0.25 mm,,,
169153912967,HearthAssoc_-_Unmodified_Raw_Material,Hearth Associated Materials,{silcmed},silcmed,2,,,Quartz grains in the matrix are 0.25 -- 0.5 mm,,,
169153912967,HearthAssoc_-_Unmodified_Raw_Material,Hearth Associated Materials,{silccoarse},silccoarse,3,,,Quartz grains in the matrix are > 0.5mm,,,
169153912967,HearthAssoc_-_Unmodified_Raw_Material,Hearth Associated Materials,{silcmicroxtal},silcmicroxtal,4,,,Naked eye cannot identify grains in the matrix,,,
169153912967,HearthAssoc_-_Unmodified_Raw_Material,Hearth Associated Materials,{ironst},ironst,5,,,Sedimentary rock containing iron rich minerals,,,
169153912967,HearthAssoc_-_Unmodified_Raw_Material,Hearth Associated Materials,{sandst},sandst,6,,,A clastic sedimentary rock made up of sand-sized minerals or grains,,,
169153912967,HearthAssoc_-_Unmodified_Raw_Material,Hearth Associated Materials,{other},other,7,,,"If material can be identified, enter into notes",,,
169153912967,HearthAssoc_-_Unmodified_Raw_Material,Hearth Associated Materials,{indet},indet,8,,,Material could not be identified,,,
169153881878,HearthAssoc_-_Ground_stone_raw_material,Hearth Associated Materials,{sandst},sandst,1,,,A clastic sedimentary rock made up of sand-sized minerals or grains,,,
169153881878,HearthAssoc_-_Ground_stone_raw_material,Hearth Associated Materials,{quartzite},quartzite,2,,,"Metamorphosed sandstone, has a sugary texture",,,
169153881878,HearthAssoc_-_Ground_stone_raw_material,Hearth Associated Materials,{ironst},ironst,3,,,Sedimentary rock containing iron rich minerals,,,
169153881878,HearthAssoc_-_Ground_stone_raw_material,Hearth Associated Materials,{other},other,4,,,"If material can be identified, enter into notes",,,
169153881878,HearthAssoc_-_Ground_stone_raw_material,Hearth Associated Materials,{indet},indet,5,,,Material could not be identified,,,
169153904231,HearthAssoc_-_Associated_other_worked_(or_transported)_material,Hearth Associated Materials,{bonemod},bonemod,1,,,"Bone with ground or polished surface(s), may be bevelled or pointed at one or both ends",,,
169153904231,HearthAssoc_-_Associated_other_worked_(or_transported)_material,Hearth Associated Materials,{shellmod},shellmod,2,,,Shell with notches or other evidence of working or use along one or more margins,,,
169153904231,HearthAssoc_-_Associated_other_worked_(or_transported)_material,Hearth Associated Materials,{eggmod},eggmod,3,,,"Eggshell with modified surface, e.g. tooth mark or drill hole",,,
169153904231,HearthAssoc_-_Associated_other_worked_(or_transported)_material,Hearth Associated Materials,{ochrediss},ochrediss,4,,,Flecks or fragments of ochre disseminated through the sediment,,,
169153904231,HearthAssoc_-_Associated_other_worked_(or_transported)_material,Hearth Associated Materials,{ochrenod},ochrenod,5,,,Small nodule of ochre,,,
169153904231,HearthAssoc_-_Associated_other_worked_(or_transported)_material,Hearth Associated Materials,{ochrefacet},ochrefacet,6,,,"Ochre with facets, indicating use as crayon",,,
169153904231,HearthAssoc_-_Associated_other_worked_(or_transported)_material,Hearth Associated Materials,{qtzxal},qtzxtal,7,,,Unworked quartz crystal,,,
169153904231,HearthAssoc_-_Associated_other_worked_(or_transported)_material,Hearth Associated Materials,{turbo},turbo,8,,,"Marine gastropod, round shell with white zigzag stripes, up to 4cm long",,,
169153904231,HearthAssoc_-_Associated_other_worked_(or_transported)_material,Hearth Associated Materials,{other},other,9,,,"Any other worked, utilised or transported material not listed above",,,
169153921865,Isolated_-_Grid_Square,Isolated,,,,,,,,,
169153921881,Isolated_-_ID_Number,Isolated,,,,,,,,,
169153903507,Isolated_-_In_Situ_or_Surface,Isolated,{insitu},insitu,1,,,Most or some of the object is unambiguously embedded in sediment,,,
169153903507,Isolated_-_In_Situ_or_Surface,Isolated,{surface},surface,2,,,The object is unambiguously lying on the surface,,,
169153903507,Isolated_-_In_Situ_or_Surface,Isolated,{recement},recement,3,,,"The object appears to be embedded in sediment, but there is a high probability that it has been recemented",,,
169153903507,Isolated_-_In_Situ_or_Surface,Isolated,{ambiguous},ambiguous,4,,,"The find appears to be embedded in sediment, but it is impossible to preclude the possibility that it has been recemented",,,
169153903507,Isolated_-_In_Situ_or_Surface,Isolated,{other},other,5,,,,,,
169153919183,Isolated_-_Occurrence_Type,Isolated,{Stone_Artefacts},Stone Artefacts,1,,,,,,
169153919183,Isolated_-_Occurrence_Type,Isolated,{Other_Artefacts},Other Artefacts,2,,,,,,
169153919183,Isolated_-_Occurrence_Type,Isolated,{Faunal_Remains},Faunal Remains,3,,,,,,
169153919183,Isolated_-_Occurrence_Type,Isolated,{Other_Worked_Material},Other Worked Material,4,,,,,,
169153919183,Isolated_-_Occurrence_Type,Isolated,{Hearthstones},Hearthstones,5,,,,,,
169153919183,Isolated_-_Occurrence_Type,Isolated,{notch},notch,1,,,Notched artefact,{Stone_Artefacts},,
169153919183,Isolated_-_Occurrence_Type,Isolated,{scraper},scraper,2,,,Other type of scraper,{Stone_Artefacts},,
169153919183,Isolated_-_Occurrence_Type,Isolated,{backed},backed,3,,,Backed artefact,{Stone_Artefacts},,
169153919183,Isolated_-_Occurrence_Type,Isolated,{unifpt},unifpt,4,,,Unifacial point,{Stone_Artefacts},,
169153919183,Isolated_-_Occurrence_Type,Isolated,{bifac},bifac,5,,,Bifacially flaked artefact,{Stone_Artefacts},,
169153919183,Isolated_-_Occurrence_Type,Isolated,{otherru},otherru,6,,,Chipped stone artefact with any other type of retouch or use-wear,{Stone_Artefacts},,
169153919183,Isolated_-_Occurrence_Type,Isolated,{debris},debris,7,,,"Flaking debris, including whole flakes, broken flakes and angular fragments",{Stone_Artefacts},,
169153919183,Isolated_-_Occurrence_Type,Isolated,{core},core,8,,,Core,{Stone_Artefacts},,
169153919183,Isolated_-_Occurrence_Type,Isolated,{hammer},hammer,9,,,Hammerstone,{Stone_Artefacts},,
169153919183,Isolated_-_Occurrence_Type,Isolated,{mport},mport,10,,,"Manuport, unmodified, but transported, stone",{Stone_Artefacts},,
169153919183,Isolated_-_Occurrence_Type,Isolated,{groundst},groundst,11,,,Ground stone,{Stone_Artefacts},,
169153919183,Isolated_-_Occurrence_Type,Isolated,{indet},indet,12,,,"Indeterminate chipped stone, e.g. features are obscured by burial or carbonate coating",{Stone_Artefacts},,
169153919183,Isolated_-_Occurrence_Type,Isolated,{bonetool},bonetool,1,,,Bone tool,{Other_Artefacts},,
169153919183,Isolated_-_Occurrence_Type,Isolated,{shellmod},shellmod,2,,,Deliberately modified mussel shell,{Other_Artefacts},,
169153919183,Isolated_-_Occurrence_Type,Isolated,{eggmod},eggmod,3,,,Deliberately modified eggshell,{Other_Artefacts},,
169153919183,Isolated_-_Occurrence_Type,Isolated,{wombat},wombat,1,,,,{Faunal_Remains},,
169153919183,Isolated_-_Occurrence_Type,Isolated,{bettong},bettong,2,,,,{Faunal_Remains},,
169153919183,Isolated_-_Occurrence_Type,Isolated,{macropod},macropod,3,,,,{Faunal_Remains},,
169153919183,Isolated_-_Occurrence_Type,Isolated,{smallmars},smallmars,4,,,Small marsupial,{Faunal_Remains},,
169153919183,Isolated_-_Occurrence_Type,Isolated,{carnivore},carnivore,5,,,"e.g. Thylacine, Tasmanian Devil",{Faunal_Remains},,
169153919183,Isolated_-_Occurrence_Type,Isolated,{emu},emu,6,,,,{Faunal_Remains},,
169153919183,Isolated_-_Occurrence_Type,Isolated,{otherbird},otherbird,7,,,Bird bone other than emu,{Faunal_Remains},,
169153919183,Isolated_-_Occurrence_Type,Isolated,{rodent},rodent,8,,,,{Faunal_Remains},,
169153919183,Isolated_-_Occurrence_Type,Isolated,{fishbone},fishbone,9,,,"e.g. Murray Cod, Golden Perch",{Faunal_Remains},,
169153919183,Isolated_-_Occurrence_Type,Isolated,{indetbone},indetbone,10,,,Indeterminate bone,{Faunal_Remains},,
169153919183,Isolated_-_Occurrence_Type,Isolated,{bivalve},bivalve,11,,,Mussel shell or shell fragment,{Faunal_Remains},,
169153919183,Isolated_-_Occurrence_Type,Isolated,{otoliths},otoliths,12,,,Fish otolith,{Faunal_Remains},,
169153919183,Isolated_-_Occurrence_Type,Isolated,{glith},glith,13,,,Crustacean gastrolith,{Faunal_Remains},,
169153919183,Isolated_-_Occurrence_Type,Isolated,{exoskel},exoskel,14,,,Crustacean exoskeleton,{Faunal_Remains},,
169153919183,Isolated_-_Occurrence_Type,Isolated,{eggemu},eggemu,15,,,Emu eggshell,{Faunal_Remains},,
169153919183,Isolated_-_Occurrence_Type,Isolated,{egggenyo},egggenyo,16,,,Genyornis eggshell,{Faunal_Remains},,
169153919183,Isolated_-_Occurrence_Type,Isolated,{eggother},eggother,17,,,"Other eggshell, clearly not emu or Genyornis",{Faunal_Remains},,
169153919183,Isolated_-_Occurrence_Type,Isolated,{eggindet},eggindet,18,,,"Indeterminate eggshell, features unclear due to surface modification",{Faunal_Remains},,
169153919183,Isolated_-_Occurrence_Type,Isolated,{ochre},ochre,1,,,Unmodified ochre,{Other_Worked_Material},,
169153919183,Isolated_-_Occurrence_Type,Isolated,{facetochre},facetochre,2,,,Facetted ochre,{Other_Worked_Material},,
169153919183,Isolated_-_Occurrence_Type,Isolated,{qtzxtal},qtzxtal,3,,,Quartz crystal,{Other_Worked_Material},,
169153919183,Isolated_-_Occurrence_Type,Isolated,{hscarb},hscarb,1,,,Carbonate,{Hearthstones},,
169153919183,Isolated_-_Occurrence_Type,Isolated,{hsterm},hsterm,2,,,Termite nest: sandy with visible voids and channels,{Hearthstones},,
169153919183,Isolated_-_Occurrence_Type,Isolated,{hsclay},hsclay,3,,,Baked clay or sandy clay,{Hearthstones},,
169153919183,Isolated_-_Occurrence_Type,Isolated,{hsother},hsother,4,,,e.g. silcrete nodules,{Hearthstones},,
169153949920,Isolated_-_Stone_Raw_Material_Type,Isolated,{silcfine},silcfine,1,,,Fine-grained silcrete,,,
169153949920,Isolated_-_Stone_Raw_Material_Type,Isolated,{silccoarse},silccoarse,2,,,Coarse-grained silcrete,,,
169153949920,Isolated_-_Stone_Raw_Material_Type,Isolated,{silcgran},silcgran,3,,,Granular silcrete,,,
169153949920,Isolated_-_Stone_Raw_Material_Type,Isolated,{qtzite},qtzite,4,,,Quartzite,,,
169153949920,Isolated_-_Stone_Raw_Material_Type,Isolated,{qtz},qtz,5,,,Quartz,,,
169153949920,Isolated_-_Stone_Raw_Material_Type,Isolated,{carb},carb,6,,,Carbonate (hearthstones),,,
169153949920,Isolated_-_Stone_Raw_Material_Type,Isolated,{ironst},ironst,7,,,Ironstone,,,
169153949920,Isolated_-_Stone_Raw_Material_Type,Isolated,{sandst},sandst,8,,,Sandstone,,,
169153949920,Isolated_-_Stone_Raw_Material_Type,Isolated,{other},other,9,,,,,,
169153918136,Isolated_-_Modification_to_Organic_Material,Isolated,{none},none,1,,,Fresh surface,,,
169153918136,Isolated_-_Modification_to_Organic_Material,Isolated,{indet},indet,2,,,"Indeterminate modification, if object is too buried to determine modification",,,
169153918136,Isolated_-_Modification_to_Organic_Material,Isolated,{carb},carb,3,,,A calcium carbonate coating,,,
169153918136,Isolated_-_Modification_to_Organic_Material,Isolated,{fragged},fragged,4,,,Fragmented,,,
169153918136,Isolated_-_Modification_to_Organic_Material,Isolated,{stained},stained,5,,,Mineral staining,,,
169153918136,Isolated_-_Modification_to_Organic_Material,Isolated,{abraded},abraded,6,,,"Scored, scratched or polished surface",,,
169153918136,Isolated_-_Modification_to_Organic_Material,Isolated,{weath},weath,7,,,Signs of weathering and/or breakage,,,
169153918136,Isolated_-_Modification_to_Organic_Material,Isolated,{burned},burned,8,,,Charred or calcined,,,
169153918136,Isolated_-_Modification_to_Organic_Material,Isolated,{other},other,9,,,,,,
169153915756,Isolated_-_Modification_to_Stone_Material,Isolated,{indet},indet,1,,,"Indeterminate, if artefact is too buried to determine modification",,,
169153915756,Isolated_-_Modification_to_Stone_Material,Isolated,{algal},algal,2,,,"A dense carbonate coating, often with a texture resembling cauliflower",,,
169153915756,Isolated_-_Modification_to_Stone_Material,Isolated,{carb},carb,3,,,A thin or powdery calcium carbonate coating,,,
169153915756,Isolated_-_Modification_to_Stone_Material,Isolated,{abraded},abraded,4,,,"Scored, scratched or polished surface",,,
169153915756,Isolated_-_Modification_to_Stone_Material,Isolated,{polish},polish,5,,,"Smooth, glossy surface",,,
169153915756,Isolated_-_Modification_to_Stone_Material,Isolated,{weath},weath,6,,,Weathering,,,
169153915756,Isolated_-_Modification_to_Stone_Material,Isolated,{other},other,7,,,,,,
169153916508,Isolated_-_Topographic_Setting,Isolated,{Lessthan_Six_Degrees},<6degree,1,missing.jpg,missing.jpg; missing.jpg,Slightly sloping surface,,,
169153916508,Isolated_-_Topographic_Setting,Isolated,{Six_To_Twelve_Degrees},6-12degree,2,missing.jpg,missing.jpg; missing.jpg,Moderately sloping surface,,,
169153916508,Isolated_-_Topographic_Setting,Isolated,{Greaterthan_Twelve_Degrees},>12degree,3,missing.jpg,missing.jpg; missing.jpg,More steeply sloping surface,,,
169153916508,Isolated_-_Topographic_Setting,Isolated,{shallrill},shallrill,4,missing.jpg,missing.jpg; missing.jpg,Within a shallow rill,,,
169153916508,Isolated_-_Topographic_Setting,Isolated,{rillfloor},rillfloor,5,missing.jpg,missing.jpg; missing.jpg,"In the floor of a deep rill (strong, vertical rilling in clay-rich sediments)",,,
169153916508,Isolated_-_Topographic_Setting,Isolated,{rillwall},rillwall,6,missing.jpg,missing.jpg; missing.jpg,"In the wall of a deep rill (strong, vertical rilling in clay-rich sediments)",,,
169153916508,Isolated_-_Topographic_Setting,Isolated,{ridge},ridge,7,missing.jpg,missing.jpg; missing.jpg,On a narrow ridge in heavily eroded area,,,
169153916508,Isolated_-_Topographic_Setting,Isolated,{riderill},riderill,8,missing.jpg,missing.jpg; missing.jpg,Feature in a heavily eroded area is cut by deep rills and straddles rill wall and rill flow,,,
169153916508,Isolated_-_Topographic_Setting,Isolated,{shalgulfl},shalgulfl,9,missing.jpg,missing.jpg; missing.jpg,In the floor of a gully less than 1.5m wide or deep,,,
169153916508,Isolated_-_Topographic_Setting,Isolated,{shalgulwal},shalgulwal,10,missing.jpg,missing.jpg; missing.jpg,In the wall of a gully less than 1.5m wide or deep,,,
169153916508,Isolated_-_Topographic_Setting,Isolated,{deppgulfl},deppgulfl,11,missing.jpg,missing.jpg; missing.jpg,In the floor of a gully greater than 1.5m wide and deep,,,
169153916508,Isolated_-_Topographic_Setting,Isolated,{deepgulwal},deepgulwal,12,missing.jpg,missing.jpg; missing.jpg,In the wall of a gully greater than 1.5m wide and deep,,,
169153916508,Isolated_-_Topographic_Setting,Isolated,{residtop},residtop,13,missing.jpg,missing.jpg; missing.jpg,Flat surface on top of a residual,,,
169153916508,Isolated_-_Topographic_Setting,Isolated,{residside},residside,14,missing.jpg,missing.jpg; missing.jpg,In the side of a residual,,,
169153916508,Isolated_-_Topographic_Setting,Isolated,{chanfloor},chanfloor,15,missing.jpg,missing.jpg; missing.jpg,In the floor of a modern outwash channel,,,
169153916508,Isolated_-_Topographic_Setting,Isolated,{chanwall},chanwall,16,missing.jpg,missing.jpg; missing.jpg,In the wall of a modern outwash channel,,,
169153916508,Isolated_-_Topographic_Setting,Isolated,{other},other,17,missing.jpg,missing.jpg; missing.jpg,,,,
169153915254,Isolated_-_Sediment_Type,Isolated,{redsoil},redsoil,1,missing.jpg,missing.jpg; missing.jpg,Soil of a reddish colour,,,
169153915254,Isolated_-_Sediment_Type,Isolated,{brownsoil},brownsoil,2,missing.jpg,missing.jpg; missing.jpg,Soil of a brownish colour,,,
169153915254,Isolated_-_Sediment_Type,Isolated,{redsand},redsand,3,missing.jpg,missing.jpg; missing.jpg,Sandy sediments of a reddish colour,,,
169153915254,Isolated_-_Sediment_Type,Isolated,{brownsand},brownsand,4,missing.jpg,missing.jpg; missing.jpg,Sandy sediments of a brownish colour,,,
169153915254,Isolated_-_Sediment_Type,Isolated,{whitesand},whitesand,5,missing.jpg,missing.jpg; missing.jpg,Sandy sediments that are clean and whitish,,,
169153915254,Isolated_-_Sediment_Type,Isolated,{othersand},othersand,6,missing.jpg,missing.jpg; missing.jpg,Sandy sediments that are of another colour,,,
169153915254,Isolated_-_Sediment_Type,Isolated,{greenclay},greenclay,7,missing.jpg,missing.jpg; missing.jpg,Clay sediments of a greenish colour,,,
169153915254,Isolated_-_Sediment_Type,Isolated,{otherclay},otherclay,8,missing.jpg,missing.jpg; missing.jpg,Clay sediments of another colour (usually brown),,,
169153915254,Isolated_-_Sediment_Type,Isolated,{sandyclay},sandyclay,9,missing.jpg,missing.jpg; missing.jpg,Sandy clay,,,
169153915254,Isolated_-_Sediment_Type,Isolated,{alternat},alternat,10,missing.jpg,missing.jpg; missing.jpg,Alternating layers of sand and clay,,,
169153915254,Isolated_-_Sediment_Type,Isolated,{claylens},claylens,11,missing.jpg,missing.jpg; missing.jpg,Distinct clay lens within other sediments,,,
169153915254,Isolated_-_Sediment_Type,Isolated,{sandlens},sandlens,12,missing.jpg,missing.jpg; missing.jpg,Distinct sand lens within other sediments,,,
169153915254,Isolated_-_Sediment_Type,Isolated,{cobble},cobble,13,missing.jpg,missing.jpg; missing.jpg,A relatively continuous bed of cobbles or coarse gravel,,,
169153915254,Isolated_-_Sediment_Type,Isolated,{gglag},gglag,14,missing.jpg,missing.jpg; missing.jpg,A surface lag of carbonate derived from Golgol sediments,,,
169153915254,Isolated_-_Sediment_Type,Isolated,{carblag},carblag,15,missing.jpg,missing.jpg; missing.jpg,Any other surface lag of hard carbonate nodules,,,
169153915254,Isolated_-_Sediment_Type,Isolated,{ggC},ggC,16,missing.jpg,missing.jpg; missing.jpg,In situ soil carbonate (C-horizon) associated with Golgol sediments,,,
169153915254,Isolated_-_Sediment_Type,Isolated,{Chorizon},Chorizon,17,missing.jpg,missing.jpg; missing.jpg,In situ nodular soil carbonate in any other sediment,,,
169153915254,Isolated_-_Sediment_Type,Isolated,{carbsoft},carbsoft,18,missing.jpg,missing.jpg; missing.jpg,In situ soil carbonate in a diffuse horizon,,,
169153915254,Isolated_-_Sediment_Type,Isolated,{carbpavemt},carbpavemt,19,missing.jpg,missing.jpg; missing.jpg,Well developed in situ soil carbonate forming a pavement,,,
169153915254,Isolated_-_Sediment_Type,Isolated,{carbrework},carbrework,20,missing.jpg,missing.jpg; missing.jpg,A carbonate lag that has been reworked and reburied,,,
169153915254,Isolated_-_Sediment_Type,Isolated,{other},other,21,missing.jpg,missing.jpg; missing.jpg,,,,
169153890360,Isolated_-_Vulnerability_to_Erosion,Isolated,{low},low,1,missing.jpg,missing.jpg; missing.jpg,"On a relatively stable, flat surface or gentle slope that is not being eroded by rills",,,
169153890360,Isolated_-_Vulnerability_to_Erosion,Isolated,{moderate},moderate,2,missing.jpg,missing.jpg; missing.jpg,"Wider area is being eaten away by ongoing erosion, e.g. near edge of platform exposure, gully head, expanding rill system",,,
169153890360,Isolated_-_Vulnerability_to_Erosion,Isolated,{high},high,3,missing.jpg,missing.jpg; missing.jpg,"High probability of material being removed by erosion, or losing its integrity, e.g. relatively steep slope with incipient rills",,,
169153890360,Isolated_-_Vulnerability_to_Erosion,Isolated,{extreme},extreme,4,missing.jpg,missing.jpg; missing.jpg,"Cluster is in imminent danger of rapid removal and loss of material, e.g. edge of eroding residual or deep rill, in gully wall, on a steep, slope-washed surface",,,
169153890360,Isolated_-_Vulnerability_to_Erosion,Isolated,{other},other,5,missing.jpg,missing.jpg; missing.jpg,,,,
169153896232,Isolated_-_Palaeotopographic_Setting,Isolated,{foredune},foredune,1,missing.jpg,missing.jpg; missing.jpg,Stratigraphic layers are sloping towards the lakebed,,,
169153896232,Isolated_-_Palaeotopographic_Setting,Isolated,{backdune},backdune,2,missing.jpg,missing.jpg; missing.jpg,Stratigraphic layers are sloping towards the hinterland,,,
169153896232,Isolated_-_Palaeotopographic_Setting,Isolated,{beach},beach,3,missing.jpg,missing.jpg; missing.jpg,An area of rounded cobbles or gravels in distinct horizon,,,
169153896232,Isolated_-_Palaeotopographic_Setting,Isolated,{lakebed},lakebed,4,missing.jpg,missing.jpg; missing.jpg,Lakebed sediments,,,
169153896232,Isolated_-_Palaeotopographic_Setting,Isolated,{crest},crest,5,missing.jpg,missing.jpg; missing.jpg,"Crest of dune, stratigraphic layers slope away, towards both lakebed and hinterland",,,
169153896232,Isolated_-_Palaeotopographic_Setting,Isolated,{spit},spit,6,missing.jpg,missing.jpg; missing.jpg,Projection from dune into lakebed,,,
169153896232,Isolated_-_Palaeotopographic_Setting,Isolated,{indet},indet,7,missing.jpg,missing.jpg; missing.jpg,Indeterminate,,,
169153896232,Isolated_-_Palaeotopographic_Setting,Isolated,{other},other,8,missing.jpg,missing.jpg; missing.jpg,,,,
169153962960,Isolated_-_Notes,Isolated,,,,,,,,,
169153962972,Isolated_-_Photos,Isolated,,,,,,,,,
169153913663,Shell_-_Grid_Square,Shell,,,,,,,,,
169153910775,Shell_-_ID_Number,Shell,,,,,,,,,
169153905096,Shell_-_Shell_Type,Shell,{dispers},dispers,1,,,"Scattered shells eroding out across > 1metre of exposure, with no associated material, probably non-cultural in origin",,,
169153905096,Shell_-_Shell_Type,Shell,{smallclust},smallclust,2,,,"A single, discrete cluster containing a handful of mussel shells",,,
169153905096,Shell_-_Shell_Type,Shell,{largeclust},largeclust,3,,,"A discrete cluster, or multiple discrete clusters, of mussel shell that extend along an horizon for up to 1-2 metres",,,
169153905096,Shell_-_Shell_Type,Shell,{extthin},extthin,4,,,"A laterally extensive cluster, exposed along an horizon for more than 2 metres or multiple small clusters of mussel shell that occur in a single",,,
169153905096,Shell_-_Shell_Type,Shell,{extthick},extthick,5,,,"A laterally extensive cluster, exposed along an horizon for more than 2 metres or multiple small clusters of mussel shell that occur in a single",,,
169153905096,Shell_-_Shell_Type,Shell,{other},other,6,,,,,,
169153901435,Shell_-_Continuity,Shell,{continuous},continuous,1,,,A large or extensive cluster of mussel shells that forms a continuous deposit,,,
169153901435,Shell_-_Continuity,Shell,{discontin},discontin,2,,,"Multiple clusters of mussel shell that probably formed a continuous deposit prior to erosion, or that represent the first exposure of a deposit that is likely to be continuous (e.g. in same stratigraphic layer)",,,
169153901435,Shell_-_Continuity,Shell,{other},other,3,,,,,,
169153917022,Shell_-_Presence_of_charcoal,Shell,{none},none,1,,,No charcoal visible,,,
169153917022,Shell_-_Presence_of_charcoal,Shell,{diss},diss,2,,,Finely disseminated charcoal,,,
169153917022,Shell_-_Presence_of_charcoal,Shell,{flecks},flecks,3,,,"Flecks of charcoal, dispersed through the sediment or in clusters",,,
169153917022,Shell_-_Presence_of_charcoal,Shell,{lumps},lumps,4,,,Large lumps of in situ charcoal present,,,
169153917022,Shell_-_Presence_of_charcoal,Shell,{indet},indet,5,,,"Dark staining visible, but origin indeterminate",,,
169153917022,Shell_-_Presence_of_charcoal,Shell,{other},other,6,,,,,,
169153865683,Shell_-_Proportion_of_material_that_remains_in_situ,Shell,{most},most,1,,,The majority of the visible shell material is in situ,,,
169153865683,Shell_-_Proportion_of_material_that_remains_in_situ,Shell,{some},some,2,,,At least some of the shells are in in situ,,,
169153865683,Shell_-_Proportion_of_material_that_remains_in_situ,Shell,{surface},surface,3,,,None of the shells are embedded in sediment,,,
169153865683,Shell_-_Proportion_of_material_that_remains_in_situ,Shell,{recement},recement,4,,,Some shells appear to be in situ but there is a high likelihood that they have been cemented into redeposited sediment,,,
169153865683,Shell_-_Proportion_of_material_that_remains_in_situ,Shell,{ambiguous},ambiguous,5,,,The shells appear to be in situ but it is impossible to determine whether they are actually recemented,,,
169153865683,Shell_-_Proportion_of_material_that_remains_in_situ,Shell,{other},other,6,,,,,,
169153919290,Shell_-_Bivalve_preservation,Shell,{good},good,1,,,"Majority of shell is whole or near whole, or articulated",,,
169153919290,Shell_-_Bivalve_preservation,Shell,{moderate},moderate,2,,,Mixture of fragmented and near whole shell,,,
169153919290,Shell_-_Bivalve_preservation,Shell,{poor},poor,3,,,Majority of shell is highly fragmented,,,
169153919290,Shell_-_Bivalve_preservation,Shell,{other},other,4,,,,,,
169153930856,Shell_-_Bivalve_dispersal,Shell,{low},low,1,,,"Surface scatter of material is confined to the area of in situ material, or, if only surface material is present, to a discrete, relatively dense, area",,,
169153930856,Shell_-_Bivalve_dispersal,Shell,{moderate},moderate,2,,,Some surface material is scattered beyond the in situ or dense area,,,
169153930856,Shell_-_Bivalve_dispersal,Shell,{high},high,3,,,"Surface material extends well beyond in situ or dense material, and is ￼scattered sparsely",,,
169153930856,Shell_-_Bivalve_dispersal,Shell,{other},other,4,,,,,,
169153916463,Shell_-_Topographic_Setting,Shell,{platform},platform,1,missing.jpg,missing.jpg; missing.jpg,"Broad, flat platform exposure",,,
169153916463,Shell_-_Topographic_Setting,Shell,{less6Degree},<6degree,2,missing.jpg,missing.jpg; missing.jpg,Slightly sloping surface,,,
169153916463,Shell_-_Topographic_Setting,Shell,{6To12Degree},6-12degree,3,missing.jpg,missing.jpg; missing.jpg,Moderately sloping surface,,,
169153916463,Shell_-_Topographic_Setting,Shell,{greater12Degree},>12degree,4,missing.jpg,missing.jpg; missing.jpg,More steeply sloping surface,,,
169153916463,Shell_-_Topographic_Setting,Shell,{shallrill},shallrill,5,missing.jpg,missing.jpg; missing.jpg,Within a shallow rill,,,
169153916463,Shell_-_Topographic_Setting,Shell,{rillfloor},rillfloor,6,missing.jpg,missing.jpg; missing.jpg,"In the floor of a deep rill (strong, vertical rilling in clay-rich sediments)",,,
169153916463,Shell_-_Topographic_Setting,Shell,{rillwall},rillwall,7,missing.jpg,missing.jpg; missing.jpg,"In the wall of a deep rill (strong, vertical rilling in clay-rich sediments)",,,
169153916463,Shell_-_Topographic_Setting,Shell,{ridge},ridge,8,missing.jpg,missing.jpg; missing.jpg,On a narrow ridge in heavily eroded area,,,
169153916463,Shell_-_Topographic_Setting,Shell,{ridgerill},ridgerill,9,missing.jpg,missing.jpg; missing.jpg,Feature in a heavily eroded area is cut by deep rills and straddles rill wall and rill flow,,,
169153916463,Shell_-_Topographic_Setting,Shell,{shalgulfl},shalgulfl,10,missing.jpg,missing.jpg; missing.jpg,In the floor of a gully less than 1.5m wide or deep,,,
169153916463,Shell_-_Topographic_Setting,Shell,{shalgulwal},shalgulwal,11,missing.jpg,missing.jpg; missing.jpg,In the wall of a gully less than 1.5m wide or deep,,,
169153916463,Shell_-_Topographic_Setting,Shell,{deepgulfl},deepgulfl,12,missing.jpg,missing.jpg; missing.jpg,In the floor of a gully greater than 1.5m wide and deep,,,
169153916463,Shell_-_Topographic_Setting,Shell,{deepgulwal},deepgulwal,13,missing.jpg,missing.jpg; missing.jpg,In the wall of a gully greater than 1.5m wide and deep,,,
169153916463,Shell_-_Topographic_Setting,Shell,{residtop},residtop,14,missing.jpg,missing.jpg; missing.jpg,Flat surface on top of a residual,,,
169153916463,Shell_-_Topographic_Setting,Shell,{residside},residside,15,missing.jpg,missing.jpg; missing.jpg,In the side of a residual,,,
169153916463,Shell_-_Topographic_Setting,Shell,{chanfloor},chanfloor,16,missing.jpg,missing.jpg; missing.jpg,In the floor of a modern outwash channel,,,
169153916463,Shell_-_Topographic_Setting,Shell,{chanwall},chanwall,17,missing.jpg,missing.jpg; missing.jpg,In the wall of a modern outwash channel,,,
169153916463,Shell_-_Topographic_Setting,Shell,{allfan},allfan,18,missing.jpg,missing.jpg; missing.jpg,modern alluvial fan,,,
169153916463,Shell_-_Topographic_Setting,Shell,{other},other,19,missing.jpg,missing.jpg; missing.jpg,,,,
169153901316,Shell_-_Sediment_Type,Shell,{redsand},redsand,1,missing.jpg,missing.jpg; missing.jpg,quartz sand of a reddish colour,,,
169153901316,Shell_-_Sediment_Type,Shell,{brownsand},brownsand,2,missing.jpg,missing.jpg; missing.jpg,quartz sands of a brownish colour,,,
169153901316,Shell_-_Sediment_Type,Shell,{whitesand},whitesand,3,missing.jpg,missing.jpg; missing.jpg,sand that is clean (no clay) and white,,,
169153901316,Shell_-_Sediment_Type,Shell,{othersand},othersand,4,missing.jpg,missing.jpg; missing.jpg,quartz sands of a different colour (eg pink),,,
169153901316,Shell_-_Sediment_Type,Shell,{clayeysand},clayeysand,5,missing.jpg,missing.jpg; missing.jpg,quartz sands that contain some clay,,,
169153901316,Shell_-_Sediment_Type,Shell,{laminarsand},laminarsand,6,missing.jpg,missing.jpg; missing.jpg,"fine laminae of quartz sands, clayey sands and clays; brown colour, sands predominate",,,
169153901316,Shell_-_Sediment_Type,Shell,{redlamsand},redlamsand,7,missing.jpg,missing.jpg; missing.jpg,red sands preserving fine bedding,,,
169153901316,Shell_-_Sediment_Type,Shell,{unconsolsand},unconsolsand,8,missing.jpg,missing.jpg; missing.jpg,"unconsolidated sands, sometimes with thin horizons of carbonate (archaeology bearing)",,,
169153901316,Shell_-_Sediment_Type,Shell,{modernaeolian},modernaeolian,9,missing.jpg,missing.jpg; missing.jpg,"shifting veneer of unconsolidated sands, coppice sands",,,
169153901316,Shell_-_Sediment_Type,Shell,{pelletalclay},pelletalclay,10,missing.jpg,missing.jpg; missing.jpg,grey clays made up of clay pellets,,,
169153901316,Shell_-_Sediment_Type,Shell,{alternat},alternat,11,missing.jpg,missing.jpg; missing.jpg,alternating beds of pelletal clay and quartz sand,,,
169153901316,Shell_-_Sediment_Type,Shell,{clay-alt},clay-alt,12,missing.jpg,missing.jpg; missing.jpg,distinct bed of pelletal clay within a sequence of alternating sands and clays,,,
169153901316,Shell_-_Sediment_Type,Shell,{sand-alt},sand-alt,13,missing.jpg,missing.jpg; missing.jpg,distinct bed of quartz sand within a sequence of alternating sands and clays,,,
169153901316,Shell_-_Sediment_Type,Shell,{bluelam-alt},bluelam-alt,14,missing.jpg,missing.jpg; missing.jpg,"mm-thick, but laterally traceable lens of clay with distinct 'blue' colour",,,
169153901316,Shell_-_Sediment_Type,Shell,{greenclay},greenclay,15,missing.jpg,missing.jpg; missing.jpg,clay of a green colour,,,
169153901316,Shell_-_Sediment_Type,Shell,{redsoil},redsoil,16,missing.jpg,missing.jpg; missing.jpg,soil of a reddish colour,,,
169153901316,Shell_-_Sediment_Type,Shell,{brownsoil},brownsoil,17,missing.jpg,missing.jpg; missing.jpg,soil of a brownish colour,,,
169153901316,Shell_-_Sediment_Type,Shell,{darksoil},darksoil,18,missing.jpg,missing.jpg; missing.jpg,"soil with greyish to dark greyish colour, carbonate rich",,,
169153901316,Shell_-_Sediment_Type,Shell,{carbsoft},carbsoft,19,missing.jpg,missing.jpg; missing.jpg,sediment containing diffuse soil carbonate (C horizon),,,
169153901316,Shell_-_Sediment_Type,Shell,{carbnodule},carbnodule,20,missing.jpg,missing.jpg; missing.jpg,sediment containing hard carbonate nodules (C horizon),,,
169153901316,Shell_-_Sediment_Type,Shell,{carbpavemt},carbpavemt,21,missing.jpg,missing.jpg; missing.jpg,well developed in situ soil carbonates forming a solid pavement,,,
169153901316,Shell_-_Sediment_Type,Shell,{carblag},carblag,22,missing.jpg,missing.jpg; missing.jpg,"broken up, angular pieces of carbonate nodules, root traces, burrows, rhizomorphs representing a reworked lag",,,
169153901316,Shell_-_Sediment_Type,Shell,{finesilt},finesilt,23,missing.jpg,missing.jpg; missing.jpg,"fine, well-sorted silt with no clay component",,,
169153901316,Shell_-_Sediment_Type,Shell,{cobblebeach},cobblebeach,24,missing.jpg,missing.jpg; missing.jpg,"continuous bed of rounded carbonate nodules, rhizomorphs etc together with rounded pebbles/cobbles of qtz or rock fragments",,,
169153901316,Shell_-_Sediment_Type,Shell,{gravelbeach},gravelbeach,25,missing.jpg,missing.jpg; missing.jpg,relatively continuous bed of rounded gravels and coarse sand,,,
169153901316,Shell_-_Sediment_Type,Shell,{other},other,26,missing.jpg,missing.jpg; missing.jpg,,,,
169153899003,Shell_-_Stratigraphic_Unit,Shell,{Golgol},Golgol,1,missing.jpg,missing.jpg; missing.jpg,deeply weathered sands and clays with strong red colour,,,
169153899003,Shell_-_Stratigraphic_Unit,Shell,{ggC},ggC,2,missing.jpg,missing.jpg; missing.jpg,Golgol C horizon: in situ carbonate nodules and sediments cemented together to form distinct pavement (pinkish colour),,,
169153899003,Shell_-_Stratigraphic_Unit,Shell,{gglag},gglag,3,missing.jpg,missing.jpg; missing.jpg,"surface lag made up of broken up, angular pieces of pinkish carbonate nodules, root traces etc derived from the Golgol C",,,
169153899003,Shell_-_Stratigraphic_Unit,Shell,{B},B,4,missing.jpg,missing.jpg; missing.jpg,Lower Mungo,,,
169153899003,Shell_-_Stratigraphic_Unit,Shell,{C},C,5,missing.jpg,missing.jpg; missing.jpg,Upper Mungo,,,
169153899003,Shell_-_Stratigraphic_Unit,Shell,{D},D,6,missing.jpg,missing.jpg; missing.jpg,mega-lake sediments,,,
169153899003,Shell_-_Stratigraphic_Unit,Shell,{E},E,7,missing.jpg,missing.jpg; missing.jpg,Arumpo/Zanci,,,
169153899003,Shell_-_Stratigraphic_Unit,Shell,{F},F,8,missing.jpg,missing.jpg; missing.jpg,unconsolidated sands reworked lunette sediments,,,
169153899003,Shell_-_Stratigraphic_Unit,Shell,{G},G,9,missing.jpg,missing.jpg; missing.jpg,Holocene alluvial fans,,,
169153899003,Shell_-_Stratigraphic_Unit,Shell,{H},H,10,missing.jpg,missing.jpg; missing.jpg,modern aeolian,,,
169153899003,Shell_-_Stratigraphic_Unit,Shell,{I},I,11,missing.jpg,missing.jpg; missing.jpg,modern alluvium,,,
169153899003,Shell_-_Stratigraphic_Unit,Shell,{indet},indet,12,missing.jpg,missing.jpg; missing.jpg,stratgraphic unit not yet identified,,,
169153899003,Shell_-_Stratigraphic_Unit,Shell,{other},other,13,missing.jpg,missing.jpg; missing.jpg,,,,
169153920369,Shell_-_Vulnerability_To_Erosion,Shell,{low},low,1,missing.jpg,missing.jpg; missing.jpg,"On a relatively stable, flat surface or gentle slope that is not being eroded by rills, in well cemented (firm) sediment",,,
169153920369,Shell_-_Vulnerability_To_Erosion,Shell,{moderate},moderate,2,missing.jpg,missing.jpg; missing.jpg,"Wider area is being eaten away by ongoing erosion, e.g. near edge of platform exposure, gully head, expanding rill system",,,
169153920369,Shell_-_Vulnerability_To_Erosion,Shell,{high},high,3,missing.jpg,missing.jpg; missing.jpg,"High probability of material being removed by erosion, or of the hearth losing its integrity, e.g. relatively steep slope with incipient rills and/or in loose sandy sediment",,,
169153920369,Shell_-_Vulnerability_To_Erosion,Shell,{extreme},extreme,4,missing.jpg,missing.jpg; missing.jpg,"Hearth material is in imminent danger of rapid removal and loss, e.g. edge of eroding residual or deep rill, in gully wall, on a steep slope- washed surface, or in loose sandy sediment",,,
169153920369,Shell_-_Vulnerability_To_Erosion,Shell,{other},other,5,missing.jpg,missing.jpg; missing.jpg,,,,
169153903358,Shell_-_Palaeotopographic_Setting,Shell,{foredune},foredune,1,missing.jpg,missing.jpg; missing.jpg,Stratigraphic layers are sloping towards the lakebed,,,
169153903358,Shell_-_Palaeotopographic_Setting,Shell,{backdune},backdune,2,missing.jpg,missing.jpg; missing.jpg,Stratigraphic layers are sloping towards the hinterland,,,
169153903358,Shell_-_Palaeotopographic_Setting,Shell,{crest},crest,3,missing.jpg,missing.jpg; missing.jpg,"Crest of dune, stratigraphic layers slope away, towards both lakebed and hinterland",,,
169153903358,Shell_-_Palaeotopographic_Setting,Shell,{beach},beach,4,missing.jpg,missing.jpg; missing.jpg,An area of rounded cobbles or gravels in distinct horizon,,,
169153903358,Shell_-_Palaeotopographic_Setting,Shell,{spit},spit,5,missing.jpg,missing.jpg; missing.jpg,Projection from dune into lakebed,,,
169153903358,Shell_-_Palaeotopographic_Setting,Shell,{lakebed},lakebed,6,missing.jpg,missing.jpg; missing.jpg,Lakebed sediments,,,
169153903358,Shell_-_Palaeotopographic_Setting,Shell,{indet},indet,7,missing.jpg,missing.jpg; missing.jpg,Indeterminate,,,
169153903358,Shell_-_Palaeotopographic_Setting,Shell,{other},other,8,missing.jpg,missing.jpg; missing.jpg,,,,
169153905634,Shell_-_Photos,Shell,,,,,,,,,
169153903398,Shell_-_Notes,Shell,,,,,,,,,
169153946867,ShellAssoc_-_Associated_material,Shell Associated Materials,{lacust},lacust,1,,,"Lacustrine material other than mussel (fish bone, otoliths, etc.)",,,
169153946867,ShellAssoc_-_Associated_material,Shell Associated Materials,{terrbone},terrbone,2,,,Terrestrial bone material,,,
169153946867,ShellAssoc_-_Associated_material,Shell Associated Materials,{indetbone},indetbone,3,,,Bone that cannot be identified as terrestrial or fish (e.g. fragments too small),,,
169153946867,ShellAssoc_-_Associated_material,Shell Associated Materials,{eggshell},eggshell,4,,,"Emu, Genyornis or other eggshell",,,
169153946867,ShellAssoc_-_Associated_material,Shell Associated Materials,{stoneart},stoneart,5,,,"Chipped, unmodified or ground stone",,,
169153946867,ShellAssoc_-_Associated_material,Shell Associated Materials,{ochrediss},ochrediss,6,,,"Soft, friable fragments of ochre embedded in sediment",,,
169153946867,ShellAssoc_-_Associated_material,Shell Associated Materials,{ochrenod},ochrenod,7,,,Hard nodule of ochre with no visible striations or facets,,,
169153946867,ShellAssoc_-_Associated_material,Shell Associated Materials,{ochrefacet},ochrefacet,8,,,"hard nodule of ochre with facets, indicating use as crayon",,,
169153946867,ShellAssoc_-_Associated_material,Shell Associated Materials,{otherwork},otherwork,9,,,Other worked or transported material,,,
169153946867,ShellAssoc_-_Associated_material,Shell Associated Materials,{other},other,10,,,Other material not listed above,,,
169153946964,ShellAssoc_-_Associated_lacustrine_material,Shell Associated Materials,{fishbone},fishbone,1,,,Fish bone,,,
169153946964,ShellAssoc_-_Associated_lacustrine_material,Shell Associated Materials,{otoliths},otoliths,2,,,Fish otolith,,,
169153946964,ShellAssoc_-_Associated_lacustrine_material,Shell Associated Materials,{gastrolith},gastrolith,3,,,Crustacean gastrolith,,,
169153946964,ShellAssoc_-_Associated_lacustrine_material,Shell Associated Materials,{exoskel},exoskel,4,,,Crustacean exoskeleton,,,
169153946964,ShellAssoc_-_Associated_lacustrine_material,Shell Associated Materials,{other},other,5,,,,,,
169153947012,ShellAssoc_-_Burnt_lacustrine_material,Shell Associated Materials,{Yes},Yes,1,,,Calcined or charred material present,,,
169153947012,ShellAssoc_-_Burnt_lacustrine_material,Shell Associated Materials,{No},No,2,,,No burned material,,,
169153947012,ShellAssoc_-_Burnt_lacustrine_material,Shell Associated Materials,{indet},indet,3,,,"Cannot determine because material is embedded in sediment, covered with other material or with a sand veneer",,,
169153947048,ShellAssoc_-_Associated_terrestrial_bone,Shell Associated Materials,{mammal},mammal,1,,,,,,
169153947048,ShellAssoc_-_Associated_terrestrial_bone,Shell Associated Materials,{birdbone},birdbone,2,,,,,,
169153947048,ShellAssoc_-_Associated_terrestrial_bone,Shell Associated Materials,{reptile},reptile,3,,,,,,
169153947048,ShellAssoc_-_Associated_terrestrial_bone,Shell Associated Materials,{other},other,4,,,,,,
169153947048,ShellAssoc_-_Associated_terrestrial_bone,Shell Associated Materials,{unident},unident,5,,,Cannot be identified by recorder,,,
169153947048,ShellAssoc_-_Associated_terrestrial_bone,Shell Associated Materials,{undiag},undiag,6,,,"Does not preserve any diagnostic features (teeth, long bone ends, muscle markings)",,,
169153947100,ShellAssoc_-_Burnt_terrestrial_bone,Shell Associated Materials,{Yes},Yes,1,,,Calcined or charred material present,,,
169153947100,ShellAssoc_-_Burnt_terrestrial_bone,Shell Associated Materials,{No},No,2,,,No burned material,,,
169153947100,ShellAssoc_-_Burnt_terrestrial_bone,Shell Associated Materials,{indet},indet,3,,,"Cannot determine because material is embedded in sediment, covered with other material or with a sand veneer",,,
169153947137,ShellAssoc_-_Associated_eggshell,Shell Associated Materials,{emu},emu,1,,,Emu eggshell,,,
169153947137,ShellAssoc_-_Associated_eggshell,Shell Associated Materials,{genyo},genyo,2,,,Genyornis eggshell,,,
169153947137,ShellAssoc_-_Associated_eggshell,Shell Associated Materials,{other},other,3,,,"Other eggshell, clearly not emu or Genyornis (e.g. duck, swan)",,,
169153947137,ShellAssoc_-_Associated_eggshell,Shell Associated Materials,{indet},indet,4,,,"Indeterminate eggshell, features unclear due to surface modification",,,
169153947180,ShellAssoc_-_Burnt_eggshell,Shell Associated Materials,{Yes},Yes,1,,,,,,
169153947180,ShellAssoc_-_Burnt_eggshell,Shell Associated Materials,{No},No,2,,,,,,
169153947206,ShellAssoc_-_Associated_stone_artefacts,Shell Associated Materials,{cs},cs,1,,,Chipped stone,,,
169153947206,ShellAssoc_-_Associated_stone_artefacts,Shell Associated Materials,{um},um,2,,,Unmodified stone,,,
169153947206,ShellAssoc_-_Associated_stone_artefacts,Shell Associated Materials,{ground},ground,3,,,Ground stone,,,
169153947206,ShellAssoc_-_Associated_stone_artefacts,Shell Associated Materials,{other},other,4,,,,,,
169153947247,ShellAssoc_-_Associated_chipped_stone_artefacts,Shell Associated Materials,{ru},ru,1,,,Retouched/utilised artefact,,,
169153947247,ShellAssoc_-_Associated_chipped_stone_artefacts,Shell Associated Materials,{co},co,2,,,Core,,,
169153947247,ShellAssoc_-_Associated_chipped_stone_artefacts,Shell Associated Materials,{deb},deb,3,,,"Flaking debris, including whole flakes, broken flakes and angular fragments",,,
169153947247,ShellAssoc_-_Associated_chipped_stone_artefacts,Shell Associated Materials,{hammer},hammer,4,,,Hammerstone,,,
169153947247,ShellAssoc_-_Associated_chipped_stone_artefacts,Shell Associated Materials,{indet},indet,5,,,Indeterminate,,,
169153947247,ShellAssoc_-_Associated_chipped_stone_artefacts,Shell Associated Materials,{other},other,6,,,,,,
169153947303,ShellAssoc_-_Associated_retouched_artefacts,Shell Associated Materials,{notch},notch,1,,,Retouch that creates one or more concavities along the margin of the tool,,,
169153947303,ShellAssoc_-_Associated_retouched_artefacts,Shell Associated Materials,{scraper},scraper,2,,,Flake with one or more margins of retouch,,,
169153947303,ShellAssoc_-_Associated_retouched_artefacts,Shell Associated Materials,{backed},backed,3,,,"Tool with steep, blunting retouch along one margin",,,
169153947303,ShellAssoc_-_Associated_retouched_artefacts,Shell Associated Materials,{unifpt},unifpt,4,,,"Retouch on one or more margins, which converge to a point in plan view, initiated from a single surface",,,
169153947303,ShellAssoc_-_Associated_retouched_artefacts,Shell Associated Materials,{bifacpt},bifacpt,5,,,"Retouch on one or more margins, which converge to a point in plan view, initiated from two surfaces",,,
169153947303,ShellAssoc_-_Associated_retouched_artefacts,Shell Associated Materials,{otherru},otherru,6,,,Any other type of retouch or use-wear,,,
169153947303,ShellAssoc_-_Associated_retouched_artefacts,Shell Associated Materials,{other},other,7,,,,,,
169153947368,ShellAssoc_-_Associated_unmodified_stone,Shell Associated Materials,{nodule},nodule,1,,,Nodular or rounded cobble,,,
169153947368,ShellAssoc_-_Associated_unmodified_stone,Shell Associated Materials,{slab},slab,2,,,Angular piece,,,
169153947368,ShellAssoc_-_Associated_unmodified_stone,Shell Associated Materials,{pebble},pebble,3,,,"Small nodular or rounded piece, unlikely to be useful for artefact manufacture",,,
169153947368,ShellAssoc_-_Associated_unmodified_stone,Shell Associated Materials,{other},other,4,,,,,,
169153947410,ShellAssoc_-_Ground_stone_types_present,Shell Associated Materials,{millstone},millstone,1,,,"Large, concave to flattish ground surface",,,
169153947410,ShellAssoc_-_Ground_stone_types_present,Shell Associated Materials,{muller},muller,2,,,Convex surface with facet from back and forth motion,,,
169153947410,ShellAssoc_-_Ground_stone_types_present,Shell Associated Materials,{mortar},mortar,3,,,A circular or oval basin,,,
169153947410,ShellAssoc_-_Ground_stone_types_present,Shell Associated Materials,{pestle},pestle,4,,,A cobble with convex of flattish ground end,,,
169153947410,ShellAssoc_-_Ground_stone_types_present,Shell Associated Materials,{grooved},grooved,5,,,Single or multiple grooves,,,
169153947410,ShellAssoc_-_Ground_stone_types_present,Shell Associated Materials,{amorph},amorph,6,,,"Poorly defined, or small, discontinuous ground surface, not matching any of the above",,,
169153947410,ShellAssoc_-_Ground_stone_types_present,Shell Associated Materials,{undiag},undiag,7,,,"Fragmentary, not complete enough to distinguish nature of ground surface",,,
169153947410,ShellAssoc_-_Ground_stone_types_present,Shell Associated Materials,{other},other,8,,,,,,
169153947481,ShellAssoc_-_Ground_stone_status,Shell Associated Materials,{whole},whole,1,,,,,,
169153947481,ShellAssoc_-_Ground_stone_status,Shell Associated Materials,{fragment},fragment,2,,,,,,
169153947481,ShellAssoc_-_Ground_stone_status,Shell Associated Materials,{other},other,3,,,,,,
169153947512,ShellAssoc_-_Ground_stone_raw_material,Shell Associated Materials,{sandst},sandst,1,,,A clastic sedimentary rock made up of sand-sized minerals or grains,,,
169153947512,ShellAssoc_-_Ground_stone_raw_material,Shell Associated Materials,{quartzite},quartzite,2,,,"Metamorphosed sandstone, has a sugary texture",,,
169153947512,ShellAssoc_-_Ground_stone_raw_material,Shell Associated Materials,{ironst},ironst,3,,,Sedimentary rock containing iron rich minerals,,,
169153947512,ShellAssoc_-_Ground_stone_raw_material,Shell Associated Materials,{other},other,4,,,"If material can be identified, enter into notes",,,
169153947512,ShellAssoc_-_Ground_stone_raw_material,Shell Associated Materials,{indet},indet,5,,,Material could not be identified,,,
169153947559,ShellAssoc_-_Chipped_Stone_Raw_Material,Shell Associated Materials,{silcfine},silcfine,1,,,Quartz grains in the matrix are < 0.25 mm,,,
169153947559,ShellAssoc_-_Chipped_Stone_Raw_Material,Shell Associated Materials,{silcmed},silcmed,2,,,Quartz grains in the matrix are 0.25 -- 0.5 mm,,,
169153947559,ShellAssoc_-_Chipped_Stone_Raw_Material,Shell Associated Materials,{silccoarse},silccoarse,3,,,Quartz grains in the matrix are > 0.5mm,,,
169153947559,ShellAssoc_-_Chipped_Stone_Raw_Material,Shell Associated Materials,{silcmicroxtal},silcmicroxtal,4,,,Naked eye cannot identify grains in the matrix,,,
169153947559,ShellAssoc_-_Chipped_Stone_Raw_Material,Shell Associated Materials,{qtzite},qtzite,5,,,"Sugary texture, variable grain size and colour",,,
169153947559,ShellAssoc_-_Chipped_Stone_Raw_Material,Shell Associated Materials,{qtz},qtz,6,,,"A clear, white, milky white or rose coloured mineral",,,
169153947559,ShellAssoc_-_Chipped_Stone_Raw_Material,Shell Associated Materials,{other},other,7,,,"If material can be identified, enter into notes",,,
169153947559,ShellAssoc_-_Chipped_Stone_Raw_Material,Shell Associated Materials,{indet},indet,8,,,Material not identified,,,
169153947632,ShellAssoc_-_Unmodified_Raw_Material,Shell Associated Materials,{silcfine},silcfine,1,,,Quartz grains in the matrix are < 0.25 mm,,,
169153947632,ShellAssoc_-_Unmodified_Raw_Material,Shell Associated Materials,{silcmed},silcmed,2,,,Quartz grains in the matrix are 0.25 -- 0.5 mm,,,
169153947632,ShellAssoc_-_Unmodified_Raw_Material,Shell Associated Materials,{silccoarse},silccoarse,3,,,Quartz grains in the matrix are > 0.5mm,,,
169153947632,ShellAssoc_-_Unmodified_Raw_Material,Shell Associated Materials,{silcmicroxtal},silcmicroxtal,4,,,Naked eye cannot identify grains in the matrix,,,
169153947632,ShellAssoc_-_Unmodified_Raw_Material,Shell Associated Materials,{ironst},ironst,5,,,Sedimentary rock containing iron rich minerals,,,
169153947632,ShellAssoc_-_Unmodified_Raw_Material,Shell Associated Materials,{sandst},sandst,6,,,A clastic sedimentary rock made up of sand-sized minerals or grains,,,
169153947632,ShellAssoc_-_Unmodified_Raw_Material,Shell Associated Materials,{other},other,7,,,"If material can be identified, enter into notes",,,
169153947632,ShellAssoc_-_Unmodified_Raw_Material,Shell Associated Materials,{indet},indet,8,,,Material could not be identified,,,
169153947706,ShellAssoc_-_Unmodified_Stone_Types,Shell Associated Materials,{nodule},nodule,1,,,"Nodule a large, nodular or rounded cobble (>64 mm)",,,
169153947706,ShellAssoc_-_Unmodified_Stone_Types,Shell Associated Materials,{slab},slab,2,,,"A thick, flat piece of rock (>64 mm)",,,
169153947706,ShellAssoc_-_Unmodified_Stone_Types,Shell Associated Materials,{pebble},pebble,3,,,"Small nodular or rounded piece, < 64 mm maximum dimension, unlikely to be useful for artefact manufacture",,,
169153947706,ShellAssoc_-_Unmodified_Stone_Types,Shell Associated Materials,{unident},unident,4,,,Form cannot be determined because too deeply buried or covered with carbonate,,,
169153947706,ShellAssoc_-_Unmodified_Stone_Types,Shell Associated Materials,{other},other,5,,,,,,
169153947756,ShellAssoc_-_Associated_other_worked_(or_transported)_material,Shell Associated Materials,{bonemod},bonemod,1,,,"Bone with ground or polished surface(s), may be bevelled or pointed at one or both ends",,,
169153947756,ShellAssoc_-_Associated_other_worked_(or_transported)_material,Shell Associated Materials,{shellmod},shellmod,2,,,Shell with notches or other evidence of working or use along one or more margins,,,
169153947756,ShellAssoc_-_Associated_other_worked_(or_transported)_material,Shell Associated Materials,{eggmod},eggmod,3,,,"Eggshell with modified surface, e.g. tooth mark or drill hole",,,
169153947756,ShellAssoc_-_Associated_other_worked_(or_transported)_material,Shell Associated Materials,{ochrediss},ochrediss,4,,,Flecks or fragments of ochre disseminated through the sediment,,,
169153947756,ShellAssoc_-_Associated_other_worked_(or_transported)_material,Shell Associated Materials,{ochrenod},ochrenod,5,,,Small nodule of ochre,,,
169153947756,ShellAssoc_-_Associated_other_worked_(or_transported)_material,Shell Associated Materials,{ochrefacet},ochrefacet,6,,,"Ochre with facets, indicating use as crayon",,,
169153947756,ShellAssoc_-_Associated_other_worked_(or_transported)_material,Shell Associated Materials,{qtzxal},qtzxtal,7,,,Unworked quartz crystal,,,
169153947756,ShellAssoc_-_Associated_other_worked_(or_transported)_material,Shell Associated Materials,{turbo},turbo,8,,,"Marine gastropod, round shell with white zigzag stripes, up to 4cm long",,,
169153947756,ShellAssoc_-_Associated_other_worked_(or_transported)_material,Shell Associated Materials,{other},other,9,,,"Any other worked, utilised or transported material not listed above",,,
169153958915,Stone_-_Grid_Square,Stone Artefact Clusters,,,,,,,,,
169153958933,Stone_-_ID_Number,Stone Artefact Clusters,,,,,,,,,
169153958950,Stone_-_Cluster_Type,Stone Artefact Clusters,{Stone_artefacts_only},Stone artefacts only,1,,,,,,
169153958950,Stone_-_Cluster_Type,Stone Artefact Clusters,{Stone_artefacts_and_other_material},Stone artefacts and other material,2,,,,,,
169153958950,Stone_-_Cluster_Type,Stone Artefact Clusters,{insitu},insitu,1,,,"2 or more in situ stone artefacts within 1 metre of each other, with no other associated material",{Stone_artefacts_only},,
169153958950,Stone_-_Cluster_Type,Stone Artefact Clusters,{surf},surf,2,,,"discrete cluster of artefacts of the same raw material, probably struck from the same core but no s present, in a topographic and sedimentary context indicating that the artefacts could not have been transported",{Stone_artefacts_only},,
169153958950,Stone_-_Cluster_Type,Stone Artefact Clusters,{both},both,3,,,"2 or more in situ stone artefacts within 1 metre of each other, plus a surface cluster of artefacts",{Stone_artefacts_only},,
169153958950,Stone_-_Cluster_Type,Stone Artefact Clusters,{surfrefit},surfrefit,4,,,a collection of surface artefacts of the same raw material that contains 1 or more refits,{Stone_artefacts_only},,
169153958950,Stone_-_Cluster_Type,Stone Artefact Clusters,{insit_oth},insit&oth,1,,,"Insitu' cluster as defined above, associated with material other than stone artefacts, either in situ or on the surface",{Stone_artefacts_and_other_material},,
169153958950,Stone_-_Cluster_Type,Stone Artefact Clusters,{surf_oth},surf&oth,2,,,"Surface' cluster as defined above, associated with material other than stone artefacts, either in situ or on the surface",{Stone_artefacts_and_other_material},,
169153958950,Stone_-_Cluster_Type,Stone Artefact Clusters,{both_oth},both&oth,3,,,"Both' in situ and surface artefacts (as defined above), associated with material other than stone artefacts, either in situ or on the surface",{Stone_artefacts_and_other_material},,
169153959030,Stone_-_In_Situ_-_Stone_Artefacts,Stone Artefact Clusters,{cs},cs,1,,,Chipped stone,,,
169153959030,Stone_-_In_Situ_-_Stone_Artefacts,Stone Artefact Clusters,{um},um,2,,,Unmodified stone (manuport),,,
169153959030,Stone_-_In_Situ_-_Stone_Artefacts,Stone Artefact Clusters,{gs},gs,3,,,Ground stone,,,
169153959030,Stone_-_In_Situ_-_Stone_Artefacts,Stone Artefact Clusters,{other},other,4,,,,,,
169153959069,Stone_-_In_Situ_-_Chipped_Stone_Artefacts,Stone Artefact Clusters,{ru},ru,1,,,Retouched/utilised artefact (see below),,,
169153959069,Stone_-_In_Situ_-_Chipped_Stone_Artefacts,Stone Artefact Clusters,{co},co,2,,,Core,,,
169153959069,Stone_-_In_Situ_-_Chipped_Stone_Artefacts,Stone Artefact Clusters,{deb},deb,3,,,"Flaking debris, including whole flakes, broken flakes and angular fragments",,,
169153959069,Stone_-_In_Situ_-_Chipped_Stone_Artefacts,Stone Artefact Clusters,{hammer},hammer,4,,,Hammerstone,,,
169153959069,Stone_-_In_Situ_-_Chipped_Stone_Artefacts,Stone Artefact Clusters,{indet},indet,5,,,Indeterminate (e.g. features obscured),,,
169153959069,Stone_-_In_Situ_-_Chipped_Stone_Artefacts,Stone Artefact Clusters,{other},other,6,,,,,,
169153959124,Stone_-_In_Situ_-_Retouched_Artefacts,Stone Artefact Clusters,{notch},notch,1,,,Retouch that creates one or more concavities along the margin of the tool,,,
169153959124,Stone_-_In_Situ_-_Retouched_Artefacts,Stone Artefact Clusters,{scraper},scraper,2,,,Flake (or other blank) with one or more margins of retouch,,,
169153959124,Stone_-_In_Situ_-_Retouched_Artefacts,Stone Artefact Clusters,{backed},backed,3,,,"Tool with steep, blunting retouch along one margin",,,
169153959124,Stone_-_In_Situ_-_Retouched_Artefacts,Stone Artefact Clusters,{unifpt},unifpt,4,,,"Retouch on one or more margins, which converge to a point in plan view, initiated from a single surface",,,
169153959124,Stone_-_In_Situ_-_Retouched_Artefacts,Stone Artefact Clusters,{bifacpt},bifacpt,5,,,"Retouch on one or more margins, which converge to a point in plan view, initiated from two surfaces",,,
169153959124,Stone_-_In_Situ_-_Retouched_Artefacts,Stone Artefact Clusters,{otherru},otherru,6,,,Any other type of retouch or use-wear,,,
169153959124,Stone_-_In_Situ_-_Retouched_Artefacts,Stone Artefact Clusters,{unident},unident,7,,,Artefact is too deeply buried to be identified,,,
169153959124,Stone_-_In_Situ_-_Retouched_Artefacts,Stone Artefact Clusters,{other},other,8,,,,,,
169153959194,Stone_-_In_Situ_-_Unmodified_Stone_Types,Stone Artefact Clusters,{nodule},nodule,1,,,"Nodule a large, nodular or rounded cobble (>64 mm)",,,
169153959194,Stone_-_In_Situ_-_Unmodified_Stone_Types,Stone Artefact Clusters,{slab},slab,2,,,"A thick, flat piece of rock (>64 mm)",,,
169153959194,Stone_-_In_Situ_-_Unmodified_Stone_Types,Stone Artefact Clusters,{pebble},pebble,3,,,"Small nodular or rounded piece, < 64 mm maximum dimension, unlikely to be useful for artefact manufacture",,,
169153959194,Stone_-_In_Situ_-_Unmodified_Stone_Types,Stone Artefact Clusters,{unident},unident,4,,,Form cannot be determined because too deeply buried or covered with carbonate,,,
169153959194,Stone_-_In_Situ_-_Unmodified_Stone_Types,Stone Artefact Clusters,{other},other,5,,,,,,
169153959244,Stone_-_In_Situ_-_Ground_Stone_Types,Stone Artefact Clusters,{millstone},millstone,1,,,"Large, concave to flattish ground surface",,,
169153959244,Stone_-_In_Situ_-_Ground_Stone_Types,Stone Artefact Clusters,{muller},muller,2,,,Convex surface with facet from back and forth motion,,,
169153959244,Stone_-_In_Situ_-_Ground_Stone_Types,Stone Artefact Clusters,{mortar},mortar,3,,,A circular or oval basin,,,
169153959244,Stone_-_In_Situ_-_Ground_Stone_Types,Stone Artefact Clusters,{pestle},pestle,4,,,A cobble with convex of flattish ground end,,,
169153959244,Stone_-_In_Situ_-_Ground_Stone_Types,Stone Artefact Clusters,{grooved},grooved,5,,,Single or multiple grooves,,,
169153959244,Stone_-_In_Situ_-_Ground_Stone_Types,Stone Artefact Clusters,{amorph},amorph,6,,,"Poorly defined, or small, discontinuous ground surface, not matching any of the above",,,
169153959244,Stone_-_In_Situ_-_Ground_Stone_Types,Stone Artefact Clusters,{undiag},undiag,7,,,"Fragmentary, not complete enough to distinguish nature of ground surface",,,
169153959244,Stone_-_In_Situ_-_Ground_Stone_Types,Stone Artefact Clusters,{unident},unident,8,,,Artefact is too deeply buried to determine type,,,
169153959244,Stone_-_In_Situ_-_Ground_Stone_Types,Stone Artefact Clusters,{other},other,9,,,,,,
169153959321,Stone_-_In_Situ_-_Ground_Stone_Status,Stone Artefact Clusters,{whole},whole,1,,,,,,
169153959321,Stone_-_In_Situ_-_Ground_Stone_Status,Stone Artefact Clusters,{fragmented},fragmented,2,,,,,,
169153959321,Stone_-_In_Situ_-_Ground_Stone_Status,Stone Artefact Clusters,{refit},refit,3,,,"Broken fragments can be refitted back together and/or texture, colour, thickness and/or surface modifications suggest that they are part of the same artefact",,,
169153959321,Stone_-_In_Situ_-_Ground_Stone_Status,Stone Artefact Clusters,{other},other,4,,,,,,
169153959359,Stone_-_In_Situ_-_Ground_Stone_Raw_Material,Stone Artefact Clusters,{sandst},sandst,1,,,A clastic sedimentary rock made up of sand-sized minerals or grains,,,
169153959359,Stone_-_In_Situ_-_Ground_Stone_Raw_Material,Stone Artefact Clusters,{quartzite},quartzite,2,,,"Metamorphosed sandstone, has a sugary texture",,,
169153959359,Stone_-_In_Situ_-_Ground_Stone_Raw_Material,Stone Artefact Clusters,{ironst},ironst,3,,,Sedimentary rock containing iron rich minerals,,,
169153959359,Stone_-_In_Situ_-_Ground_Stone_Raw_Material,Stone Artefact Clusters,{other},other,4,,,"If material can be identified, enter into notes",,,
169153959359,Stone_-_In_Situ_-_Ground_Stone_Raw_Material,Stone Artefact Clusters,{indet},indet,5,,,Material could not be identified,,,
169153959409,Stone_-_In_Situ_-_Surface_Modification,Stone Artefact Clusters,{algal},algal,1,,,"A dense carbonate coating, often with a texture resembling cauliflower",,,
169153959409,Stone_-_In_Situ_-_Surface_Modification,Stone Artefact Clusters,{carb},carb,2,,,A thin or powdery calcium carbonate coating,,,
169153959409,Stone_-_In_Situ_-_Surface_Modification,Stone Artefact Clusters,{abraded},abraded,3,,,A scored or scratched surface and/or rounded flake scar ridges and margins,,,
169153959409,Stone_-_In_Situ_-_Surface_Modification,Stone Artefact Clusters,{polish},polish,4,,,"Smoothed and glossy surface, flake scar ridges and margins may be muted",,,
169153959409,Stone_-_In_Situ_-_Surface_Modification,Stone Artefact Clusters,{other},other,5,,,,,,
169153945214,Stone_-_In_Situ_-_Potential_Refits,Stone Artefact Clusters,,,,,,,,,
169153945226,Stone_-_In_Situ_-_Chipped_Stone_Raw_Material,Stone Artefact Clusters,{silcfine},silcfine,1,,,Quartz grains in the matrix are < 0.25 mm,,,
169153945226,Stone_-_In_Situ_-_Chipped_Stone_Raw_Material,Stone Artefact Clusters,{silcmed},silcmed,2,,,Quartz grains in the matrix are 0.25 -- 0.5 mm,,,
169153945226,Stone_-_In_Situ_-_Chipped_Stone_Raw_Material,Stone Artefact Clusters,{silccoarse},silccoarse,3,,,Quartz grains in the matrix are > 0.5mm,,,
169153945226,Stone_-_In_Situ_-_Chipped_Stone_Raw_Material,Stone Artefact Clusters,{silcmicroxtal},silcmicroxtal,4,,,Naked eye cannot identify grains in the matrix,,,
169153945226,Stone_-_In_Situ_-_Chipped_Stone_Raw_Material,Stone Artefact Clusters,{qtzite},qtzite,5,,,"Sugary texture, variable grain size and colour",,,
169153945226,Stone_-_In_Situ_-_Chipped_Stone_Raw_Material,Stone Artefact Clusters,{qtz},qtz,6,,,"A clear, white, milky white or rose coloured mineral",,,
169153945226,Stone_-_In_Situ_-_Chipped_Stone_Raw_Material,Stone Artefact Clusters,{other},other,7,,,"If material can be identified, enter into notes",,,
169153945226,Stone_-_In_Situ_-_Chipped_Stone_Raw_Material,Stone Artefact Clusters,{indet},indet,8,,,Material could not be identified,,,
169153945299,Stone_-_In_Situ_-_Unmodified_Stone_Raw_Material,Stone Artefact Clusters,{silcfine},silcfine,1,,,Quartz grains in the matrix are < 0.25 mm,,,
169153945299,Stone_-_In_Situ_-_Unmodified_Stone_Raw_Material,Stone Artefact Clusters,{silcmed},silcmed,2,,,Quartz grains in the matrix are 0.25 -- 0.5 mm,,,
169153945299,Stone_-_In_Situ_-_Unmodified_Stone_Raw_Material,Stone Artefact Clusters,{silccoarse},silccoarse,3,,,Quartz grains in the matrix are > 0.5mm,,,
169153945299,Stone_-_In_Situ_-_Unmodified_Stone_Raw_Material,Stone Artefact Clusters,{silcmicroxtal},silcmicroxtal,4,,,Naked eye cannot identify grains in the matrix,,,
169153945299,Stone_-_In_Situ_-_Unmodified_Stone_Raw_Material,Stone Artefact Clusters,{ironst},ironst,5,,,Sedimentary rock containing iron rich minerals,,,
169153945299,Stone_-_In_Situ_-_Unmodified_Stone_Raw_Material,Stone Artefact Clusters,{sandst},sandst,6,,,A clastic sedimentary rock made up of sand-sized minerals or grains,,,
169153945299,Stone_-_In_Situ_-_Unmodified_Stone_Raw_Material,Stone Artefact Clusters,{other},other,7,,,"If material can be identified, enter into notes",,,
169153945299,Stone_-_In_Situ_-_Unmodified_Stone_Raw_Material,Stone Artefact Clusters,{indet},indet,8,,,Material could not be identified,,,
169153945373,Stone_-_In_Situ_-_Unmodified_Raw_Materials,Stone Artefact Clusters,{silcfine},silcfine,1,,,Quartz grains < 0.25 mm,,,
169153945373,Stone_-_In_Situ_-_Unmodified_Raw_Materials,Stone Artefact Clusters,{silcmed},silcmed,2,,,Quartz grains 0.25 -- 0.5 mm,,,
169153945373,Stone_-_In_Situ_-_Unmodified_Raw_Materials,Stone Artefact Clusters,{silccoarse},silccoarse,3,,,Quartz grains > 0.5mm,,,
169153945373,Stone_-_In_Situ_-_Unmodified_Raw_Materials,Stone Artefact Clusters,{silcmicroxtal},silcmicroxtal,4,,,No grains visible in the matrix,,,
169153945373,Stone_-_In_Situ_-_Unmodified_Raw_Materials,Stone Artefact Clusters,{ironst},ironst,5,,,Sedimentary rock containing iron rich minerals,,,
169153945373,Stone_-_In_Situ_-_Unmodified_Raw_Materials,Stone Artefact Clusters,{sandst},sandst,6,,,A clastic sedimentary rock made up of sand-sized minerals or grains,,,
169153945373,Stone_-_In_Situ_-_Unmodified_Raw_Materials,Stone Artefact Clusters,{other},other,7,,,Other material,,,
169153945373,Stone_-_In_Situ_-_Unmodified_Raw_Materials,Stone Artefact Clusters,{indet},indet,8,,,Material could not be identified,,,
169153945445,Stone_-_Surface_-_Potential_Refits,Stone Artefact Clusters,,,,,,,,,
169153945457,Stone_-_Surface_-_Stone_Artefacts,Stone Artefact Clusters,{cs},cs,1,,,Chipped stone,,,
169153945457,Stone_-_Surface_-_Stone_Artefacts,Stone Artefact Clusters,{um},um,2,,,Unmodified stone (manuport),,,
169153945457,Stone_-_Surface_-_Stone_Artefacts,Stone Artefact Clusters,{gs},gs,3,,,Ground stone,,,
169153945457,Stone_-_Surface_-_Stone_Artefacts,Stone Artefact Clusters,{other},other,4,,,,,,
169153945497,Stone_-_Surface_-_Chipped_Stone_Artefacts,Stone Artefact Clusters,{ru},ru,1,,,Retouched/utilised artefact (see below),,,
169153945497,Stone_-_Surface_-_Chipped_Stone_Artefacts,Stone Artefact Clusters,{co},co,2,,,Core,,,
169153945497,Stone_-_Surface_-_Chipped_Stone_Artefacts,Stone Artefact Clusters,{deb},deb,3,,,"Flaking debris, including whole flakes, broken flakes and angular fragments",,,
169153945497,Stone_-_Surface_-_Chipped_Stone_Artefacts,Stone Artefact Clusters,{hammer},hammer,4,,,Hammerstone,,,
169153945497,Stone_-_Surface_-_Chipped_Stone_Artefacts,Stone Artefact Clusters,{indet},indet,5,,,Indeterminate (e.g. features obscured),,,
169153945497,Stone_-_Surface_-_Chipped_Stone_Artefacts,Stone Artefact Clusters,{other},other,6,,,,,,
169153945551,Stone_-_Surface_-_Retouched_Artefacts,Stone Artefact Clusters,{notch},notch,1,,,Retouch that creates one or more concavities along the margin of the tool,,,
169153945551,Stone_-_Surface_-_Retouched_Artefacts,Stone Artefact Clusters,{scraper},scraper,2,,,Flake (or other blank) with one or more margins of retouch,,,
169153945551,Stone_-_Surface_-_Retouched_Artefacts,Stone Artefact Clusters,{backed},backed,3,,,"Tool with steep, blunting retouch along one margin",,,
169153945551,Stone_-_Surface_-_Retouched_Artefacts,Stone Artefact Clusters,{unifpt},unifpt,4,,,"Retouch on one or more margins, which converge to a point in plan view, initiated from a single surface",,,
169153945551,Stone_-_Surface_-_Retouched_Artefacts,Stone Artefact Clusters,{bifac},bifac,5,,,"Retouch on one or more margins, which converge to a point in plan view, initiated from two surfaces",,,
169153945551,Stone_-_Surface_-_Retouched_Artefacts,Stone Artefact Clusters,{otherru},otherru,6,,,Any other type of retouch or use-wear,,,
169153945551,Stone_-_Surface_-_Retouched_Artefacts,Stone Artefact Clusters,{other},other,7,,,,,,
169153945614,Stone_-_Surface_-_Unmodified_Stone_Types,Stone Artefact Clusters,{nodule},nodule,1,,,"Nodule a large, nodular or rounded cobble (>64 mm)",,,
169153945614,Stone_-_Surface_-_Unmodified_Stone_Types,Stone Artefact Clusters,{slab},slab,2,,,"A thick, flat piece of rock (>64 mm)",,,
169153945614,Stone_-_Surface_-_Unmodified_Stone_Types,Stone Artefact Clusters,{pebble},pebble,3,,,"Small nodular or rounded piece, < 64 mm maximum dimension, unlikely to be useful for artefact manufacture",,,
169153945614,Stone_-_Surface_-_Unmodified_Stone_Types,Stone Artefact Clusters,{unident},unident,4,,,Form cannot be determined because too deeply buried or covered with carbonate,,,
169153945614,Stone_-_Surface_-_Unmodified_Stone_Types,Stone Artefact Clusters,{other},other,5,,,,,,
169153945665,Stone_-_Surface_-_Ground_Stone_Types,Stone Artefact Clusters,{millstone},millstone,1,,,"Large, concave to flattish ground surface",,,
169153945665,Stone_-_Surface_-_Ground_Stone_Types,Stone Artefact Clusters,{muller},muller,2,,,Convex surface with facet from back and forth motion,,,
169153945665,Stone_-_Surface_-_Ground_Stone_Types,Stone Artefact Clusters,{mortar},mortar,3,,,A circular or oval basin,,,
169153945665,Stone_-_Surface_-_Ground_Stone_Types,Stone Artefact Clusters,{pestle},pestle,4,,,A cobble with convex of flattish ground end,,,
169153945665,Stone_-_Surface_-_Ground_Stone_Types,Stone Artefact Clusters,{grooved},grooved,5,,,Single or multiple grooves,,,
169153945665,Stone_-_Surface_-_Ground_Stone_Types,Stone Artefact Clusters,{amorph},amorph,6,,,"Poorly defined, or small, discontinuous ground surface, not matching any of the above",,,
169153945665,Stone_-_Surface_-_Ground_Stone_Types,Stone Artefact Clusters,{undiag},undiag,7,,,"Fragmentary, not complete enough to distinguish nature of ground surface",,,
169153945665,Stone_-_Surface_-_Ground_Stone_Types,Stone Artefact Clusters,{unident},unident,8,,,Artefact is too deeply buried to determine type,,,
169153945665,Stone_-_Surface_-_Ground_Stone_Types,Stone Artefact Clusters,{other},other,9,,,,,,
169153945742,Stone_-_Surface_-_Ground_Stone_Status,Stone Artefact Clusters,{whole},whole,1,,,,,,
169153945742,Stone_-_Surface_-_Ground_Stone_Status,Stone Artefact Clusters,{fragmented},fragmented,2,,,,,,
169153945742,Stone_-_Surface_-_Ground_Stone_Status,Stone Artefact Clusters,{refit},refit,3,,,"Broken fragments can be refitted back together and/or texture, colour, thickness and/or surface modifications suggest that they are part of the same artefact",,,
169153945742,Stone_-_Surface_-_Ground_Stone_Status,Stone Artefact Clusters,{other},other,4,,,,,,
169153945780,Stone_-_Surface_-_Surface_-_Modification,Stone Artefact Clusters,{algal},algal,1,,,"A dense carbonate coating, often with a texture resembling cauliflower",,,
169153945780,Stone_-_Surface_-_Surface_-_Modification,Stone Artefact Clusters,{carb},carb,2,,,A thin or powdery calcium carbonate ￼coating,,,
169153945780,Stone_-_Surface_-_Surface_-_Modification,Stone Artefact Clusters,{abraded},abraded,3,,,"A scored, scratched or polished surface",,,
169153945780,Stone_-_Surface_-_Surface_-_Modification,Stone Artefact Clusters,{weather},weather,4,,,Weathering,,,
169153945780,Stone_-_Surface_-_Surface_-_Modification,Stone Artefact Clusters,{other},other,5,,,,,,
169153945828,Stone_-_Surface_-_Chipped_Stone_Raw_Material,Stone Artefact Clusters,{silcfine},silcfine,1,,,Quartz grains in the matrix are < 0.25 mm,,,
169153945828,Stone_-_Surface_-_Chipped_Stone_Raw_Material,Stone Artefact Clusters,{silcmed},silcmed,2,,,Quartz grains in the matrix are 0.25 -- 0.5 mm,,,
169153945828,Stone_-_Surface_-_Chipped_Stone_Raw_Material,Stone Artefact Clusters,{silccoarse},silccoarse,3,,,Quartz grains in the matrix are > 0.5mm,,,
169153945828,Stone_-_Surface_-_Chipped_Stone_Raw_Material,Stone Artefact Clusters,{silcmicroxtal},silcmicroxtal,4,,,Naked eye cannot identify grains in the matrix,,,
169153945828,Stone_-_Surface_-_Chipped_Stone_Raw_Material,Stone Artefact Clusters,{qtzite},qtzite,5,,,"Sugary texture, variable grain size and colour",,,
169153945828,Stone_-_Surface_-_Chipped_Stone_Raw_Material,Stone Artefact Clusters,{qtz},qtz,6,,,"A clear, white, milky white or rose coloured mineral",,,
169153945828,Stone_-_Surface_-_Chipped_Stone_Raw_Material,Stone Artefact Clusters,{other},other,7,,,"If material can be identified, enter into notes",,,
169153945828,Stone_-_Surface_-_Chipped_Stone_Raw_Material,Stone Artefact Clusters,{indet},indet,8,,,Material could not be identified,,,
169153945901,Stone_-_Surface_-_Unmodified_Stone_Raw_Material,Stone Artefact Clusters,{silcfine},silcfine,1,,,Quartz grains in the matrix are < 0.25 mm,,,
169153945901,Stone_-_Surface_-_Unmodified_Stone_Raw_Material,Stone Artefact Clusters,{silcmed},silcmed,2,,,Quartz grains in the matrix are 0.25 -- 0.5 mm,,,
169153945901,Stone_-_Surface_-_Unmodified_Stone_Raw_Material,Stone Artefact Clusters,{silccoarse},silccoarse,3,,,Quartz grains in the matrix are > 0.5mm,,,
169153945901,Stone_-_Surface_-_Unmodified_Stone_Raw_Material,Stone Artefact Clusters,{silcmicroxtal},silcmicroxtal,4,,,Naked eye cannot identify grains in the matrix,,,
169153945901,Stone_-_Surface_-_Unmodified_Stone_Raw_Material,Stone Artefact Clusters,{ironst},ironst,5,,,Sedimentary rock containing iron rich minerals,,,
169153945901,Stone_-_Surface_-_Unmodified_Stone_Raw_Material,Stone Artefact Clusters,{sandst},sandst,6,,,A clastic sedimentary rock made up of sand-sized minerals or grains,,,
169153945901,Stone_-_Surface_-_Unmodified_Stone_Raw_Material,Stone Artefact Clusters,{other},other,7,,,"If material can be identified, enter into notes",,,
169153945901,Stone_-_Surface_-_Unmodified_Stone_Raw_Material,Stone Artefact Clusters,{indet},indet,8,,,Material could not be identified,,,
169153945975,Stone_-_Surface_-_Ground_Stone_Raw_Material,Stone Artefact Clusters,{sandst},sandst,1,,,A clastic sedimentary rock made up of sand-sized minerals or grains,,,
169153945975,Stone_-_Surface_-_Ground_Stone_Raw_Material,Stone Artefact Clusters,{quartzite},quartzite,2,,,"Metamorphosed sandstone, has a sugary texture",,,
169153945975,Stone_-_Surface_-_Ground_Stone_Raw_Material,Stone Artefact Clusters,{ironst},ironst,3,,,Sedimentary rock containing iron rich minerals,,,
169153945975,Stone_-_Surface_-_Ground_Stone_Raw_Material,Stone Artefact Clusters,{other},other,4,,,"If material can be identified, enter into notes",,,
169153945975,Stone_-_Surface_-_Ground_Stone_Raw_Material,Stone Artefact Clusters,{indet},indet,5,,,Material could not be identified,,,
169153946026,Stone_-_Surface_-_Surface_Modification,Stone Artefact Clusters,{algal},algal,1,,,"A dense carbonate coating, often with a texture resembling cauliflower",,,
169153946026,Stone_-_Surface_-_Surface_Modification,Stone Artefact Clusters,{carb},carb,2,,,A thin or powdery calcium carbonate coating,,,
169153946026,Stone_-_Surface_-_Surface_Modification,Stone Artefact Clusters,{abraded},abraded,3,,,A scored or scratched surface and/or rounded flake scar ridges and margins,,,
169153946026,Stone_-_Surface_-_Surface_Modification,Stone Artefact Clusters,{polish},polish,4,,,"Smoothed and glossy surface, flake scar ridges and margins may be muted",,,
169153946026,Stone_-_Surface_-_Surface_Modification,Stone Artefact Clusters,{other},other,5,,,,,,
169153946074,Stone_-_Topographic_Setting,Stone Artefact Clusters,{platform},platform,1,missing.jpg,missing.jpg; missing.jpg,"Broad, flat platform exposure",,,
169153946074,Stone_-_Topographic_Setting,Stone Artefact Clusters,{less6Degree},<6degree,2,missing.jpg,missing.jpg; missing.jpg,Slightly sloping surface,,,
169153946074,Stone_-_Topographic_Setting,Stone Artefact Clusters,{6To12Degree},6-12degree,3,missing.jpg,missing.jpg; missing.jpg,Moderately sloping surface,,,
169153946074,Stone_-_Topographic_Setting,Stone Artefact Clusters,{greater12Degree},>12degree,4,missing.jpg,missing.jpg; missing.jpg,More steeply sloping surface,,,
169153946074,Stone_-_Topographic_Setting,Stone Artefact Clusters,{shallrill},shallrill,5,missing.jpg,missing.jpg; missing.jpg,Within a shallow rill,,,
169153946074,Stone_-_Topographic_Setting,Stone Artefact Clusters,{rillfloor},rillfloor,6,missing.jpg,missing.jpg; missing.jpg,"In the floor of a deep rill (strong, vertical rilling in clay-rich sediments)",,,
169153946074,Stone_-_Topographic_Setting,Stone Artefact Clusters,{rillwall},rillwall,7,missing.jpg,missing.jpg; missing.jpg,"In the wall of a deep rill (strong, vertical rilling in clay-rich sediments)",,,
169153946074,Stone_-_Topographic_Setting,Stone Artefact Clusters,{ridge},ridge,8,missing.jpg,missing.jpg; missing.jpg,On a narrow ridge in heavily eroded area,,,
169153946074,Stone_-_Topographic_Setting,Stone Artefact Clusters,{ridgerill},ridgerill,9,missing.jpg,missing.jpg; missing.jpg,Feature in a heavily eroded area is cut by deep rills and straddles rill wall and rill flow,,,
169153946074,Stone_-_Topographic_Setting,Stone Artefact Clusters,{shalgulfl},shalgulfl,10,missing.jpg,missing.jpg; missing.jpg,In the floor of a gully less than 1.5m wide or deep,,,
169153946074,Stone_-_Topographic_Setting,Stone Artefact Clusters,{shalgulwal},shalgulwal,11,missing.jpg,missing.jpg; missing.jpg,In the wall of a gully less than 1.5m wide or deep,,,
169153946074,Stone_-_Topographic_Setting,Stone Artefact Clusters,{deepgulfl},deepgulfl,12,missing.jpg,missing.jpg; missing.jpg,In the floor of a gully greater than 1.5m wide and deep,,,
169153946074,Stone_-_Topographic_Setting,Stone Artefact Clusters,{deepgulwal},deepgulwal,13,missing.jpg,missing.jpg; missing.jpg,In the wall of a gully greater than 1.5m wide and deep,,,
169153946074,Stone_-_Topographic_Setting,Stone Artefact Clusters,{residtop},residtop,14,missing.jpg,missing.jpg; missing.jpg,Flat surface on top of a residual,,,
169153946074,Stone_-_Topographic_Setting,Stone Artefact Clusters,{residside},residside,15,missing.jpg,missing.jpg; missing.jpg,In the side of a residual,,,
169153946074,Stone_-_Topographic_Setting,Stone Artefact Clusters,{chanfloor},chanfloor,16,missing.jpg,missing.jpg; missing.jpg,In the floor of a modern outwash channel,,,
169153946074,Stone_-_Topographic_Setting,Stone Artefact Clusters,{chanwall},chanwall,17,missing.jpg,missing.jpg; missing.jpg,In the wall of a modern outwash channel,,,
169153946074,Stone_-_Topographic_Setting,Stone Artefact Clusters,{allfan},allfan,18,missing.jpg,missing.jpg; missing.jpg,modern alluvial fan,,,
169153946074,Stone_-_Topographic_Setting,Stone Artefact Clusters,{other},other,19,missing.jpg,missing.jpg; missing.jpg,,,,
169153946270,Stone_-_Sediment_Type,Stone Artefact Clusters,{redsand},redsand,1,missing.jpg,missing.jpg; missing.jpg,quartz sand of a reddish colour,,,
169153946270,Stone_-_Sediment_Type,Stone Artefact Clusters,{brownsand},brownsand,2,missing.jpg,missing.jpg; missing.jpg,quartz sands of a brownish colour,,,
169153946270,Stone_-_Sediment_Type,Stone Artefact Clusters,{whitesand},whitesand,3,missing.jpg,missing.jpg; missing.jpg,sand that is clean (no clay) and white,,,
169153946270,Stone_-_Sediment_Type,Stone Artefact Clusters,{othersand},othersand,4,missing.jpg,missing.jpg; missing.jpg,quartz sands of a different colour (eg pink),,,
169153946270,Stone_-_Sediment_Type,Stone Artefact Clusters,{clayeysand},clayeysand,5,missing.jpg,missing.jpg; missing.jpg,quartz sands that contain some clay,,,
169153946270,Stone_-_Sediment_Type,Stone Artefact Clusters,{laminarsand},laminarsand,6,missing.jpg,missing.jpg; missing.jpg,"fine laminae of quartz sands, clayey sands and clays; brown colour, sands predominate",,,
169153946270,Stone_-_Sediment_Type,Stone Artefact Clusters,{redlamsand},redlamsand,7,missing.jpg,missing.jpg; missing.jpg,red sands preserving fine bedding,,,
169153946270,Stone_-_Sediment_Type,Stone Artefact Clusters,{unconsolsand},unconsolsand,8,missing.jpg,missing.jpg; missing.jpg,"unconsolidated sands, sometimes with thin horizons of carbonate (archaeology bearing)",,,
169153946270,Stone_-_Sediment_Type,Stone Artefact Clusters,{modernaeolian},modernaeolian,9,missing.jpg,missing.jpg; missing.jpg,"shifting veneer of unconsolidated sands, coppice sands",,,
169153946270,Stone_-_Sediment_Type,Stone Artefact Clusters,{pelletalclay},pelletalclay,10,missing.jpg,missing.jpg; missing.jpg,grey clays made up of clay pellets,,,
169153946270,Stone_-_Sediment_Type,Stone Artefact Clusters,{alternat},alternat,11,missing.jpg,missing.jpg; missing.jpg,alternating beds of pelletal clay and quartz sand,,,
169153946270,Stone_-_Sediment_Type,Stone Artefact Clusters,{clay-alt},clay-alt,12,missing.jpg,missing.jpg; missing.jpg,distinct bed of pelletal clay within a sequence of alternating sands and clays,,,
169153946270,Stone_-_Sediment_Type,Stone Artefact Clusters,{sand-alt},sand-alt,13,missing.jpg,missing.jpg; missing.jpg,distinct bed of quartz sand within a sequence of alternating sands and clays,,,
169153946270,Stone_-_Sediment_Type,Stone Artefact Clusters,{bluelam-alt},bluelam-alt,14,missing.jpg,missing.jpg; missing.jpg,"mm-thick, but laterally traceable lens of clay with distinct 'blue' colour",,,
169153946270,Stone_-_Sediment_Type,Stone Artefact Clusters,{greenclay},greenclay,15,missing.jpg,missing.jpg; missing.jpg,clay of a green colour,,,
169153946270,Stone_-_Sediment_Type,Stone Artefact Clusters,{redsoil},redsoil,16,missing.jpg,missing.jpg; missing.jpg,soil of a reddish colour,,,
169153946270,Stone_-_Sediment_Type,Stone Artefact Clusters,{brownsoil},brownsoil,17,missing.jpg,missing.jpg; missing.jpg,soil of a brownish colour,,,
169153946270,Stone_-_Sediment_Type,Stone Artefact Clusters,{darksoil},darksoil,18,missing.jpg,missing.jpg; missing.jpg,"soil with greyish to dark greyish colour, carbonate rich",,,
169153946270,Stone_-_Sediment_Type,Stone Artefact Clusters,{carbsoft},carbsoft,19,missing.jpg,missing.jpg; missing.jpg,sediment containing diffuse soil carbonate (C horizon),,,
169153946270,Stone_-_Sediment_Type,Stone Artefact Clusters,{carbnodule},carbnodule,20,missing.jpg,missing.jpg; missing.jpg,sediment containing hard carbonate nodules (C horizon),,,
169153946270,Stone_-_Sediment_Type,Stone Artefact Clusters,{carbpavemt},carbpavemt,21,missing.jpg,missing.jpg; missing.jpg,well developed in situ soil carbonates forming a solid pavement,,,
169153946270,Stone_-_Sediment_Type,Stone Artefact Clusters,{carblag},carblag,22,missing.jpg,missing.jpg; missing.jpg,"broken up, angular pieces of carbonate nodules, root traces, burrows, rhizomorphs representing a reworked lag",,,
169153946270,Stone_-_Sediment_Type,Stone Artefact Clusters,{finesilt},finesilt,23,missing.jpg,missing.jpg; missing.jpg,"fine, well-sorted silt with no clay component",,,
169153946270,Stone_-_Sediment_Type,Stone Artefact Clusters,{cobblebeach},cobblebeach,24,missing.jpg,missing.jpg; missing.jpg,"continuous bed of rounded carbonate nodules, rhizomorphs etc together with rounded pebbles/cobbles of qtz or rock fragments",,,
169153946270,Stone_-_Sediment_Type,Stone Artefact Clusters,{gravelbeach},gravelbeach,25,missing.jpg,missing.jpg; missing.jpg,relatively continuous bed of rounded gravels and coarse sand,,,
169153946270,Stone_-_Sediment_Type,Stone Artefact Clusters,{other},other,26,missing.jpg,missing.jpg; missing.jpg,,,,
169153946537,Stone_-_Stratigraphic_Unit,Stone Artefact Clusters,{Golgol},Golgol,1,missing.jpg,missing.jpg; missing.jpg,deeply weathered sands and clays with strong red colour,,,
169153946537,Stone_-_Stratigraphic_Unit,Stone Artefact Clusters,{ggC},ggC,2,missing.jpg,missing.jpg; missing.jpg,Golgol C horizon: in situ carbonate nodules and sediments cemented together to form distinct pavement (pinkish colour),,,
169153946537,Stone_-_Stratigraphic_Unit,Stone Artefact Clusters,{gglag},gglag,3,missing.jpg,missing.jpg; missing.jpg,"surface lag made up of broken up, angular pieces of pinkish carbonate nodules, root traces etc derived from the Golgol C",,,
169153946537,Stone_-_Stratigraphic_Unit,Stone Artefact Clusters,{B},B,4,missing.jpg,missing.jpg; missing.jpg,Lower Mungo,,,
169153946537,Stone_-_Stratigraphic_Unit,Stone Artefact Clusters,{C},C,5,missing.jpg,missing.jpg; missing.jpg,Upper Mungo,,,
169153946537,Stone_-_Stratigraphic_Unit,Stone Artefact Clusters,{D},D,6,missing.jpg,missing.jpg; missing.jpg,mega-lake sediments,,,
169153946537,Stone_-_Stratigraphic_Unit,Stone Artefact Clusters,{E},E,7,missing.jpg,missing.jpg; missing.jpg,Arumpo/Zanci,,,
169153946537,Stone_-_Stratigraphic_Unit,Stone Artefact Clusters,{F},F,8,missing.jpg,missing.jpg; missing.jpg,unconsolidated sands reworked lunette sediments,,,
169153946537,Stone_-_Stratigraphic_Unit,Stone Artefact Clusters,{G},G,9,missing.jpg,missing.jpg; missing.jpg,Holocene alluvial fans,,,
169153946537,Stone_-_Stratigraphic_Unit,Stone Artefact Clusters,{H},H,10,missing.jpg,missing.jpg; missing.jpg,modern aeolian,,,
169153946537,Stone_-_Stratigraphic_Unit,Stone Artefact Clusters,{I},I,11,missing.jpg,missing.jpg; missing.jpg,modern alluvium,,,
169153946537,Stone_-_Stratigraphic_Unit,Stone Artefact Clusters,{indet},indet,12,missing.jpg,missing.jpg; missing.jpg,stratgraphic unit not yet identified,,,
169153946537,Stone_-_Stratigraphic_Unit,Stone Artefact Clusters,{other},other,13,missing.jpg,missing.jpg; missing.jpg,,,,
169153946672,Stone_-_Vulnerability_To_Erosion,Stone Artefact Clusters,{low},low,1,missing.jpg,missing.jpg; missing.jpg,"On a relatively stable, flat surface or gentle slope that is not being eroded by rills, in well cemented (firm) sediment",,,
169153946672,Stone_-_Vulnerability_To_Erosion,Stone Artefact Clusters,{moderate},moderate,2,missing.jpg,missing.jpg; missing.jpg,"Wider area is being eaten away by ongoing erosion, e.g. near edge of platform exposure, gully head, expanding rill system",,,
169153946672,Stone_-_Vulnerability_To_Erosion,Stone Artefact Clusters,{high},high,3,missing.jpg,missing.jpg; missing.jpg,"High probability of material being removed by erosion, or of the hearth losing its integrity, e.g. relatively steep slope with incipient rills and/or in loose sandy sediment",,,
169153946672,Stone_-_Vulnerability_To_Erosion,Stone Artefact Clusters,{extreme},extreme,4,missing.jpg,missing.jpg; missing.jpg,"Hearth material is in imminent danger of rapid removal and loss, e.g. edge of eroding residual or deep rill, in gully wall, on a steep slope- washed surface, or in loose sandy sediment",,,
169153946672,Stone_-_Vulnerability_To_Erosion,Stone Artefact Clusters,{other},other,5,missing.jpg,missing.jpg; missing.jpg,,,,
169153946737,Stone_-_Palaeotopographic_Setting,Stone Artefact Clusters,{foredune},foredune,1,missing.jpg,missing.jpg; missing.jpg,Stratigraphic layers are sloping towards the lakebed,,,
169153946737,Stone_-_Palaeotopographic_Setting,Stone Artefact Clusters,{backdune},backdune,2,missing.jpg,missing.jpg; missing.jpg,Stratigraphic layers are sloping towards the hinterland,,,
169153946737,Stone_-_Palaeotopographic_Setting,Stone Artefact Clusters,{crest},crest,3,missing.jpg,missing.jpg; missing.jpg,"Crest of dune, stratigraphic layers slope away, towards both lakebed and hinterland",,,
169153946737,Stone_-_Palaeotopographic_Setting,Stone Artefact Clusters,{beach},beach,4,missing.jpg,missing.jpg; missing.jpg,An area of rounded cobbles or gravels in distinct horizon,,,
169153946737,Stone_-_Palaeotopographic_Setting,Stone Artefact Clusters,{spit},spit,5,missing.jpg,missing.jpg; missing.jpg,Projection from dune into lakebed,,,
169153946737,Stone_-_Palaeotopographic_Setting,Stone Artefact Clusters,{lakebed},lakebed,6,missing.jpg,missing.jpg; missing.jpg,Lakebed sediments,,,
169153946737,Stone_-_Palaeotopographic_Setting,Stone Artefact Clusters,{indet},indet,7,missing.jpg,missing.jpg; missing.jpg,Indeterminate,,,
169153946737,Stone_-_Palaeotopographic_Setting,Stone Artefact Clusters,{other},other,8,missing.jpg,missing.jpg; missing.jpg,,,,
169153946827,Stone_-_Photos,Stone Artefact Clusters,,,,,,,,,
169153946848,Stone_-_Notes,Stone Artefact Clusters,,,,,,,,,
169153888073,Stone_-_In_Situ,Stone Associated Insitu; Stone Associated Surface,{hs},hs,1,,,Hearthstones or charcoal,,,
169153888073,Stone_-_In_Situ,Stone Associated Insitu; Stone Associated Surface,{bakedsed},bakedsed,2,,,"Lumps of baked clay or other lightly baked, ashy sediment",,,
169153888073,Stone_-_In_Situ,Stone Associated Insitu; Stone Associated Surface,{staining},staining,3,,,Black staining with little or no visible charcoal,,,
169153888073,Stone_-_In_Situ,Stone Associated Insitu; Stone Associated Surface,{lacust},lacust,4,,,"Lacustrine material (mussel, fishbone, otoliths)",,,
169153888073,Stone_-_In_Situ,Stone Associated Insitu; Stone Associated Surface,{terrbo},terrbo,5,,,Terrestrial bone,,,
169153888073,Stone_-_In_Situ,Stone Associated Insitu; Stone Associated Surface,{eggshell},eggshell,6,,,"Emu, Genyornis or other eggshell",,,
169153888073,Stone_-_In_Situ,Stone Associated Insitu; Stone Associated Surface,{ochre},ochre,7,,,,,,
169153888073,Stone_-_In_Situ,Stone Associated Insitu; Stone Associated Surface,{otherwork},otherwork,8,,,Other worked or transported material,,,
169153888357,Stone_-_Surface,Stone Associated Insitu; Stone Associated Surface,{hs},hs,1,,,Hearthstones or charcoal,,,
169153888357,Stone_-_Surface,Stone Associated Insitu; Stone Associated Surface,{bakedsed},bakedsed,2,,,"Lumps of baked clay or other lightly baked, ashy sediment",,,
169153888357,Stone_-_Surface,Stone Associated Insitu; Stone Associated Surface,{lacust},lacust,3,,,"Lacustrine material (mussel, fishbone, otoliths)",,,
169153888357,Stone_-_Surface,Stone Associated Insitu; Stone Associated Surface,{terrbo},terrbo,4,,,Terrestrial bone,,,
169153888357,Stone_-_Surface,Stone Associated Insitu; Stone Associated Surface,{eggshell},eggshell,5,,,"Emu, Genyornis or other eggshell",,,
169153888357,Stone_-_Surface,Stone Associated Insitu; Stone Associated Surface,{ochre},ochre,6,,,,,,
169153888357,Stone_-_Surface,Stone Associated Insitu; Stone Associated Surface,{otherwork},otherwork,7,,,Other worked or transported material,,,
169153888427,Stone_-_Hearth,Stone Associated Insitu; Stone Associated Surface,{hsclay},hsclay,1,,,Baked clay or sandy clay hearthstones,,,
169153888427,Stone_-_Hearth,Stone Associated Insitu; Stone Associated Surface,{hscarb},hscarb,2,,,Heartstone made from carbonate nodules,,,
169153888427,Stone_-_Hearth,Stone Associated Insitu; Stone Associated Surface,{hsterm},hsterm,3,,,"Hearthstone made from termite nest (sandy texture, voids and channels visible)",,,
169153888427,Stone_-_Hearth,Stone Associated Insitu; Stone Associated Surface,{hsother},hsother,4,,,"Hearthstone made from other material, like rock",,,
169153888427,Stone_-_Hearth,Stone Associated Insitu; Stone Associated Surface,{hsindet},hsindet,5,,,Hearthstone of indeterminate raw material,,,
169153888427,Stone_-_Hearth,Stone Associated Insitu; Stone Associated Surface,{bakedclay},bakedclay,6,,,Lumps of baked clay,,,
169153888427,Stone_-_Hearth,Stone Associated Insitu; Stone Associated Surface,{bakedsed},bakedsed,7,,,"Lumps of other lightly baked, ashy sediment",,,
169153888427,Stone_-_Hearth,Stone Associated Insitu; Stone Associated Surface,{staining},staining,8,,,Black staining with little or no charcoal present,,,
169153888497,Stone_-_Lacustrine,Stone Associated Insitu; Stone Associated Surface,{mussel},mussel,1,,,Mussel shell or shell fragment,,,
169153888497,Stone_-_Lacustrine,Stone Associated Insitu; Stone Associated Surface,{fishbone},fishbone,2,,,Fish bone,,,
169153888497,Stone_-_Lacustrine,Stone Associated Insitu; Stone Associated Surface,{fishotol},fishotol,3,,,Fish otolith,,,
169153888497,Stone_-_Lacustrine,Stone Associated Insitu; Stone Associated Surface,{glith},glith,4,,,Crustacean gastrolith,,,
169153888497,Stone_-_Lacustrine,Stone Associated Insitu; Stone Associated Surface,{exoskel},exoskel,5,,,Crustacean exoskeleton,,,
169153888497,Stone_-_Lacustrine,Stone Associated Insitu; Stone Associated Surface,{scute},scute,6,,,Bony plate from the shell of a turtle,,,
169153888497,Stone_-_Lacustrine,Stone Associated Insitu; Stone Associated Surface,{other},other,7,,,,,,
169153958208,Stone_-_Terrestrial,Stone Associated Insitu; Stone Associated Surface,{wombat},wombat,1,,,,,,
169153958208,Stone_-_Terrestrial,Stone Associated Insitu; Stone Associated Surface,{bettong},bettong,2,,,,,,
169153958208,Stone_-_Terrestrial,Stone Associated Insitu; Stone Associated Surface,{macropod},macropod,3,,,"Eastern Grey, Western Grey, Red Kangaroo",,,
169153958208,Stone_-_Terrestrial,Stone Associated Insitu; Stone Associated Surface,{smallmars},smallmars,4,,,Small marsupial,,,
169153958208,Stone_-_Terrestrial,Stone Associated Insitu; Stone Associated Surface,{emu},emu,5,,,Emu bone,,,
169153958208,Stone_-_Terrestrial,Stone Associated Insitu; Stone Associated Surface,{birdother},birdother,6,,,Other types of bird bone,,,
169153958208,Stone_-_Terrestrial,Stone Associated Insitu; Stone Associated Surface,{carnivore},carnivore,7,,,"Thylacine, Tasmanian Devil",,,
169153958208,Stone_-_Terrestrial,Stone Associated Insitu; Stone Associated Surface,{reptile},reptile,8,,,"Bearded dragon, luards, Joanna",,,
169153958208,Stone_-_Terrestrial,Stone Associated Insitu; Stone Associated Surface,{unident},unident,9,,,Cannot be identified by recorder,,,
169153958208,Stone_-_Terrestrial,Stone Associated Insitu; Stone Associated Surface,{unidiag},unidiag,10,,,Fragment is undiagnostic,,,
169153958208,Stone_-_Terrestrial,Stone Associated Insitu; Stone Associated Surface,{mega},mega,11,,,Megafauna remains,,,
169153958208,Stone_-_Terrestrial,Stone Associated Insitu; Stone Associated Surface,{other},other,12,,,,,,
169153958301,Stone_-_Eggshell,Stone Associated Insitu; Stone Associated Surface,{emu},emu,1,,,Emu eggshell,,,
169153958301,Stone_-_Eggshell,Stone Associated Insitu; Stone Associated Surface,{genyo},genyo,2,,,Genyornis eggshell,,,
169153958301,Stone_-_Eggshell,Stone Associated Insitu; Stone Associated Surface,{other},other,3,,,"Other eggshell, clearly not emu or Genyornis (duck, swan)",,,
169153958301,Stone_-_Eggshell,Stone Associated Insitu; Stone Associated Surface,{indet},indet,4,,,"Indeterminate eggshell, features unclear due to surface modification",,,
169153958343,Stone_-_Other_Worked_or_Transported_Material,Stone Associated Insitu; Stone Associated Surface,{bonemod},bonemod,1,,,"Bone with ground or polished surface(s), may be bevelled or pointed at one or both ends",,,
169153958343,Stone_-_Other_Worked_or_Transported_Material,Stone Associated Insitu; Stone Associated Surface,{shellmod},shellmod,2,,,Shell with notches or other evidence of working or use along one or more margins,,,
169153958343,Stone_-_Other_Worked_or_Transported_Material,Stone Associated Insitu; Stone Associated Surface,{ochrediss},ochrediss,3,,,Flecks or fragments of ochre disseminated through the sediment,,,
169153958343,Stone_-_Other_Worked_or_Transported_Material,Stone Associated Insitu; Stone Associated Surface,{ochrenod},ochrenod,4,,,Small nodule of ochre,,,
169153958343,Stone_-_Other_Worked_or_Transported_Material,Stone Associated Insitu; Stone Associated Surface,{ochrefacet},ochrefacet,5,,,"Ochre with facets, indicating use as crayon",,,
169153958343,Stone_-_Other_Worked_or_Transported_Material,Stone Associated Insitu; Stone Associated Surface,{qtzxal},qtzxtal,6,,,Unworked quartz crystal,,,
169153958343,Stone_-_Other_Worked_or_Transported_Material,Stone Associated Insitu; Stone Associated Surface,{turbo},turbo,7,,,"Marine gastropod, round shell with white zigzag stripes, up to 4cm long",,,
169153958343,Stone_-_Other_Worked_or_Transported_Material,Stone Associated Insitu; Stone Associated Surface,{other},other,8,,,"Any other worked, utilised or transported material not listed above",,,
[Finished in 0.1s],,,,,,,,,,,
